-163.227005, 45.067402, -17.772900
-163.397003, 46.356400, -17.646299
-163.798996, 46.539501, -17.281200
-164.294998, 45.708401, -17.476900
-164.393005, 43.554501, -18.733101
-162.311996, 40.617199, -20.725100
-160.279007, 37.650501, -21.671200
-159.666000, 35.755600, -21.556400
-161.981003, 37.366699, -22.323200
-163.259003, 37.083900, -27.340200
-162.639999, 33.880100, -35.145699
-163.837997, 30.565701, -38.976002
-167.117004, 32.090302, -33.252998
-173.375000, 36.000099, -20.065800
179.726700, 39.550800, -6.914870
174.951096, 40.312401, -0.369596
174.957993, 40.491699, -0.346039
178.399307, 39.505199, -7.249600
-177.914993, 35.941799, -16.122200
-174.901993, 32.331299, -24.422800
-173.737000, 31.546801, -27.666500
-175.199997, 33.187801, -24.782900
-176.714005, 34.479401, -19.361401
-176.682999, 34.671001, -15.720100
-173.740997, 32.520199, -13.556800
-169.931000, 29.250299, -12.774100
-167.709000, 26.844400, -13.172800
-168.171005, 27.480400, -14.223700
-175.233002, 28.415300, -14.421300
177.002594, 30.031900, -13.919300
175.715103, 31.709999, -13.372700
-179.901001, 33.521801, -14.428100
-176.600006, 33.804699, -15.205400
-175.580994, 34.373100, -15.158200
-175.884995, 34.528000, -14.920200
-175.513000, 36.749500, -14.996500
-173.617004, 42.799500, -16.385000
-171.093002, 49.219398, -19.049299
-168.382996, 55.824100, -23.288799
-168.246002, 58.366001, -24.387699
-176.431000, 49.162800, -17.992001
176.583694, 33.727200, -12.823300
173.535599, 21.247801, -9.714490
172.303894, 14.157600, -8.235210
171.568405, 10.061500, -7.168850
171.140305, 8.049290, -6.679850
171.085403, 7.649340, -6.480510
171.738800, 11.201000, -7.100210
172.653595, 17.189800, -8.204700
173.520996, 22.973600, -9.901230
175.563995, 27.835699, -11.442800
177.257599, 31.765900, -12.348100
177.317795, 33.000702, -12.301500
177.247101, 32.945999, -12.103800
176.982605, 32.639198, -11.702500
176.980103, 32.575600, -11.613500
177.065598, 32.614601, -11.440100
177.773804, 32.406200, -10.940900
-179.826996, 30.839001, -10.553200
-177.440994, 30.326401, -9.901160
-176.658005, 30.661501, -9.252510
-176.291000, 30.610201, -8.805480
-176.688004, 30.705601, -8.628260
-179.779999, 30.240700, -8.565420
174.966095, 28.984699, -8.180940
171.587402, 28.973900, -7.633300
171.107803, 29.663500, -7.652050
171.083603, 30.421101, -7.811320
171.535797, 33.550900, -8.129480
172.397705, 39.281601, -8.895570
173.236496, 44.375801, -9.531670
174.295105, 48.789902, -10.863900
175.243698, 52.930901, -12.400900
176.318604, 56.720200, -14.006000
177.114197, 59.220699, -15.302700
177.546997, 61.110600, -16.405300
177.886703, 62.216599, -17.318899
177.687897, 62.669300, -17.829100
177.391602, 62.671299, -17.915199
176.793793, 62.401901, -17.759701
176.098206, 62.057701, -17.493700
175.425293, 61.256001, -16.911699
173.297394, 58.612598, -15.028700
168.675598, 49.856201, -10.661400
165.820206, 41.005402, -7.675860
164.118195, 32.980301, -5.579180
163.102600, 23.610300, -3.552650
162.953003, 15.107600, -2.217740
162.845093, 8.360060, -1.261620
162.852295, 2.141080, -0.313840
163.021393, -3.076779, -0.332976
162.917404, -5.711746, -0.529447
162.619904, -6.646511, -0.457142
162.150208, -6.660939, -0.420762
161.988205, -6.343567, -0.284364
161.972595, -6.015895, -0.094362
161.985703, -5.829693, -0.039448
161.721603, -5.724026, -0.013730
161.603195, -5.331526, -0.034120
161.529800, -4.562375, -0.231600
160.257004, -2.665141, -1.209460
158.540802, -1.365595, -2.074250
155.968307, -1.013848, -3.369880
152.788101, -0.087582, -4.426110
150.321198, 0.668930, -4.954620
150.638199, 2.232690, -4.239860
153.484299, 4.122280, -3.336260
158.660904, 6.643050, -3.310640
165.605606, 9.079960, -3.915820
172.588806, 10.527600, -4.540560
179.657394, 11.290000, -4.929670
-174.425003, 12.014000, -4.601250
-169.869995, 12.437800, -3.833200
-165.516006, 12.090300, -2.952720
-161.134995, 12.453400, -2.461890
-157.804001, 12.520700, -2.236030
-154.634003, 12.859700, -2.545020
-151.610001, 12.889600, -2.656410
-147.671005, 12.650500, -2.596680
-143.873001, 12.064400, -2.779680
-140.774002, 10.670000, -3.446510
-137.899002, 9.301420, -4.360670
-136.524002, 8.948170, -5.000590
-136.065994, 10.015300, -5.183220
-136.210999, 11.985500, -5.081450
-137.069000, 17.178699, -6.130170
-137.552994, 21.464001, -7.497540
-137.962006, 26.249800, -9.081990
-137.962997, 30.312700, -10.609600
-138.576996, 31.507900, -11.326800
-139.123001, 30.949100, -11.118000
-139.647003, 30.818600, -10.851100
-140.503006, 31.096100, -10.916700
-141.022003, 31.209999, -10.853100
-141.091003, 31.460199, -11.017900
-141.742004, 31.543200, -11.212600
-141.766998, 31.869101, -11.295300
-141.274994, 31.859100, -11.086800
-139.695999, 30.856001, -10.397000
-138.138000, 30.324301, -9.357280
-136.565994, 31.153799, -9.377210
-136.472000, 31.516399, -9.511630
-140.317993, 30.709600, -9.705570
-144.537994, 29.608801, -10.288600
-150.294006, 30.087900, -10.926900
-156.412003, 31.683100, -11.468400
-160.880997, 33.298401, -12.038700
-164.281998, 33.878201, -12.090200
-166.203003, 34.148800, -12.224000
-166.785995, 35.063900, -12.477200
-167.134003, 35.187099, -12.559100
-167.867004, 31.380400, -11.803200
-169.151001, 21.481800, -9.562160
-168.703995, 14.492900, -7.905070
-168.600006, 10.141000, -7.064880
-167.804001, 8.507140, -6.788100
-167.313004, 7.231910, -6.645610
-167.615005, 3.567350, -6.083870
-167.417999, 0.590240, -5.633160
-167.207001, -0.425186, -5.423030
-167.031006, -1.031389, -5.474350
-166.983994, -1.238383, -5.415490
-166.768005, -0.988005, -5.415060
-166.681000, -0.922564, -5.422270
-166.647995, -0.984638, -5.457290
-166.653000, -1.076462, -5.460650
-166.576004, -0.501304, -5.513880
-166.419998, -0.196427, -5.613830
-166.371002, 0.077930, -5.717230
-166.306000, 0.236570, -5.778890
-165.981995, 0.633830, -5.858680
-165.936996, 1.188600, -5.977350
-165.671005, 2.126120, -6.107570
-165.039001, 4.251210, -6.151400
-163.223007, 11.862500, -6.347700
-160.328003, 19.096399, -6.895690
-159.431000, 21.561501, -7.074830
-158.335007, 22.069700, -7.123350
-157.033997, 21.968800, -7.073250
-154.054001, 22.435499, -7.424870
-149.957001, 22.831900, -8.091630
-146.589005, 24.060200, -9.263760
-143.753006, 24.599100, -10.259700
-142.863998, 24.729799, -10.570300
-142.759995, 24.525499, -10.485900
-142.164993, 25.089300, -10.979800
-142.886002, 25.367701, -11.695800
-142.544006, 25.150101, -11.796200
-141.307007, 25.408701, -12.036300
-141.322006, 25.372801, -12.238700
-143.369995, 25.079000, -12.622100
-147.335999, 25.314800, -13.562600
-153.528000, 25.142300, -14.908700
-159.968994, 26.211300, -15.998700
-166.852005, 27.563801, -16.623600
-173.968994, 28.997900, -15.811700
-179.723007, 29.604401, -14.989000
178.562393, 29.856600, -14.593100
-177.231003, 30.283600, -14.823200
-168.589005, 31.323200, -15.462200
-158.259995, 29.415600, -16.559900
-151.292007, 27.284201, -18.448500
-147.858002, 25.635099, -24.357300
-146.628998, 24.799900, -32.367001
-146.472000, 22.197500, -40.634499
-146.070999, 20.698900, -48.710499
-146.800995, 19.517300, -53.818901
-147.416000, 19.114599, -56.107399
-147.822998, 20.385099, -56.672001
-148.065994, 23.132601, -56.162102
-149.059998, 27.430599, -55.827301
-150.554001, 32.110802, -54.395199
-154.319000, 36.635399, -54.636002
-159.507996, 38.688801, -56.565399
-162.492004, 40.101898, -59.072201
-165.492996, 41.643700, -60.474800
-166.501999, 41.138401, -58.726200
-164.104004, 39.305199, -57.314701
-160.862000, 34.710701, -54.862801
-158.848999, 28.266600, -52.138199
-158.371994, 21.136299, -50.299500
-158.735001, 15.314300, -49.697800
-161.199997, 11.756600, -50.250401
-166.598999, 13.771600, -49.980499
-174.779999, 20.706301, -47.463402
173.112106, 28.082701, -42.602402
159.099899, 34.219799, -36.126999
144.252502, 38.626999, -28.646000
128.601303, 39.445499, -19.892799
113.995697, 37.407902, -11.516100
101.703697, 32.636101, -4.084560
93.045418, 21.417601, -0.132982
89.105904, 10.103300, -0.283366
87.421791, 1.536080, -0.432440
86.238098, -4.016198, -0.486599
85.467171, -7.052719, -0.859958
84.804451, -7.376181, -0.799437
85.316162, -4.935393, -0.299434
87.758232, -6.404147, -0.771034
89.451111, -5.239155, -0.352493
89.641602, -3.768677, -0.853662
89.079460, -3.060179, -0.775924
89.048126, -2.429908, -0.478174
88.205727, -1.628754, -0.088268
88.484497, -1.062733, -2.314280
89.230400, -1.204399, -2.614910
89.939987, -1.947847, -2.365530
90.145721, -2.417725, -2.707940
90.273033, -2.851918, -2.946900
90.384621, -3.023544, -3.052610
90.734802, -2.975615, -3.340680
91.145409, -2.592363, -3.402930
91.591820, -2.722915, -3.624040
91.891998, -2.378173, -3.751010
92.184181, -2.023381, -3.840870
92.518730, -1.704450, -3.683580
92.696571, -1.826150, -3.772180
92.847122, -1.590117, -3.830210
92.979736, -1.721513, -3.948910
93.016052, -1.134229, -3.785310
92.682022, -0.339622, -3.302070
92.662132, -0.335827, -3.376390
92.662727, -0.311918, -3.411560
92.656250, -0.362351, -3.460010
92.658440, -0.284649, -3.521140
92.661133, -0.196152, -3.542970
92.669632, -0.077692, -3.545560
92.676338, -0.024069, -3.571680
92.680191, 0.100510, -3.530100
92.677879, 0.025340, -3.572840
92.679420, 0.074300, -3.593760
92.679573, 0.078660, -3.618580
92.680672, 0.112680, -3.644100
92.683342, 0.196800, -3.641130
92.692703, 0.336180, -3.595130
92.701683, 0.475790, -3.538960
92.702431, 0.500610, -3.534610
92.702263, 0.495790, -3.529550
92.702744, 0.510500, -3.534840
92.699791, 0.410730, -3.572030
92.699928, 0.415780, -3.567210
92.700546, 0.435550, -3.567680
92.702698, 0.504730, -3.569320
92.702087, 0.484970, -3.568850
92.704826, 0.574150, -3.561080
92.710197, 0.583900, -3.561490
92.710808, 0.603670, -3.561960
92.704826, 0.574150, -3.561080
92.711441, 0.623440, -3.562430
92.711739, 0.633320, -3.562670
92.711739, 0.633320, -3.562670
92.711739, 0.633320, -3.562670
92.712051, 0.643210, -3.562900
92.712051, 0.643210, -3.562900
92.712357, 0.653090, -3.563140
92.713280, 0.682740, -3.563840
92.712357, 0.653090, -3.563140
