-2.930000,0.980000,1009.770000,-0.180000,-1.220000,0.080000,0.032881,-0.032600
12.210000,-13.670000,1006.840000,-0.350000,-0.790000,-1.040000,-0.730515,0.027585
-51.270000,-16.110000,1103.030000,3.630000,-2.350000,0.630000,-0.479809,0.080535
-7.810000,0.000000,1015.630000,-1.100000,-1.020000,-0.220000,-0.153063,-0.138246
-1.950000,6.840000,1005.860000,-0.620000,-1.220000,0.090000,0.276291,-0.083269
42.480000,30.760000,1002.440000,-0.650000,-1.340000,6.980000,1.547206,0.149794
-47.360000,-24.900000,1008.790000,-0.470000,-0.590000,10.020000,-1.160868,-0.304790
-60.550000,-21.000000,1011.230000,-0.400000,-0.790000,3.680000,-1.227418,-0.380000
-7.810000,0.490000,1016.600000,-0.370000,-0.820000,0.140000,-0.133310,-0.114116
-2.930000,0.490000,1016.600000,-0.170000,-0.840000,0.220000,-0.004741,-0.043008
-2.930000,0.490000,1016.600000,-0.170000,-0.840000,0.220000,0.008142,-0.035944
-4.880000,0.980000,1014.650000,-0.660000,-1.020000,0.150000,-0.012396,-0.092293
4.390000,-6.350000,1015.630000,-0.630000,-0.720000,-0.260000,-0.383932,-0.046314
-0.980000,-14.650000,1026.370000,-1.370000,-0.610000,0.310000,-0.905616,-0.140424
13.670000,-5.370000,986.330000,-0.600000,-0.980000,0.030000,-0.428762,0.000601
-8.300000,-6.840000,1021.480000,-0.570000,-0.750000,-0.070000,-0.442779,-0.098076
-5.370000,-10.250000,1007.320000,-0.910000,-0.740000,-0.380000,-0.656085,-0.125235
5.370000,1.950000,1015.140000,-0.740000,-0.750000,-0.160000,-0.037145,-0.055124
-54.200000,-38.090000,1013.670000,-0.490000,-0.700000,-3.030000,-1.987973,-0.337544
22.950000,5.370000,1014.650000,-0.610000,-0.790000,-2.870000,0.017592,0.019218
22.950000,5.370000,1014.650000,-0.610000,-0.790000,-2.870000,0.216459,0.064447
5.370000,-0.490000,1008.790000,-0.640000,-1.150000,-2.440000,-0.064799,-0.025555
11.720000,21.970000,1010.740000,-0.470000,-1.090000,-2.020000,1.069983,0.013977
2.440000,13.670000,1014.160000,-0.620000,-0.710000,-0.640000,0.743149,-0.043831
-2.440000,6.840000,1023.440000,-0.310000,-0.760000,-0.050000,0.389518,-0.046757
-7.320000,-5.860000,1015.630000,-1.090000,-0.820000,-0.020000,-0.362820,-0.147256
27.830000,-1.460000,1011.230000,-0.690000,-0.690000,-0.550000,-0.176534,0.065409
-12.700000,4.390000,1014.650000,-0.900000,-0.500000,-0.230000,0.119588,-0.146271
2.440000,-0.980000,1016.600000,-1.080000,-0.520000,0.030000,-0.140927,-0.104944
2.440000,-0.980000,1016.600000,-1.080000,-0.520000,0.030000,-0.166976,-0.100798
-1.460000,5.860000,1010.250000,-1.400000,-0.500000,0.080000,0.148845,-0.151440
1.950000,0.490000,1013.670000,-1.150000,-0.950000,-0.090000,-0.069982,-0.114695
1.950000,0.490000,1013.670000,-1.150000,-0.950000,-0.090000,-0.091871,-0.111053
1.460000,3.420000,1018.070000,-1.470000,-0.630000,-0.080000,0.023751,-0.143829
-1.950000,-0.980000,1014.650000,-0.630000,-0.700000,-0.380000,-0.107531,-0.084790
-0.490000,-6.350000,1012.700000,-1.200000,-0.500000,-0.170000,-0.448832,-0.125690
-2.930000,-4.390000,1016.110000,-1.090000,-0.570000,0.190000,-0.371921,-0.131932
-1.460000,-1.460000,1016.600000,-0.900000,-0.560000,-0.020000,-0.197236,-0.106835
-6.350000,0.980000,1007.810000,-0.930000,-0.520000,0.140000,-0.058398,-0.132851
-4.880000,-8.790000,1015.140000,-0.910000,-0.650000,0.050000,-0.539481,-0.125853
-1.460000,-4.390000,1016.600000,-0.820000,-0.730000,-0.180000,-0.355015,-0.098735
4.880000,-5.860000,1014.160000,-0.440000,-0.690000,-0.340000,-0.375574,-0.026430
4.880000,-5.860000,1014.160000,-0.440000,-0.690000,-0.340000,-0.377671,-0.019212
4.390000,1.460000,1021.970000,-0.440000,-0.500000,-0.100000,-0.006080,-0.020917
2.440000,-3.420000,1015.140000,-0.980000,-0.640000,-0.020000,-0.268014,-0.082853
-2.930000,5.370000,1013.180000,-1.210000,-0.180000,0.130000,0.131066,-0.139194
-8.300000,-0.490000,1010.740000,-1.130000,0.140000,-0.080000,-0.119805,-0.165471
-1.950000,2.930000,1013.180000,-1.130000,0.120000,-0.500000,0.029438,-0.134821
-0.980000,3.420000,1013.180000,-0.870000,-1.080000,0.120000,0.093979,-0.101730
1.460000,0.000000,1012.700000,-0.500000,-0.840000,-0.030000,-0.038348,-0.050241
2.440000,-4.880000,1014.650000,-0.880000,-1.020000,-0.160000,-0.335998,-0.076245
0.490000,0.980000,1016.600000,-0.650000,-0.760000,0.010000,-0.045944,-0.067118
-5.370000,-1.460000,1018.070000,-0.710000,-0.480000,-0.050000,-0.146384,-0.102765
-5.370000,-1.460000,1018.070000,-0.710000,-0.480000,-0.050000,-0.156425,-0.106337
-3.420000,-10.740000,1014.650000,-0.780000,-0.790000,0.150000,-0.636243,-0.103073
0.000000,-1.950000,1015.630000,-1.210000,-0.340000,-0.080000,-0.278227,-0.125944
-8.790000,-9.770000,1013.670000,-0.960000,-0.550000,-0.380000,-0.616671,-0.150681
0.000000,1.460000,1011.230000,-0.830000,-0.560000,0.120000,-0.066478,-0.094208
4.880000,-11.230000,1013.180000,-0.850000,-0.650000,-0.080000,-0.659635,-0.064943
-3.420000,-4.390000,1010.740000,-0.500000,-0.760000,0.010000,-0.337799,-0.072218
-5.860000,-0.490000,1013.670000,-0.820000,-0.720000,0.170000,-0.137053,-0.116256
0.490000,-10.740000,1019.040000,-1.060000,-0.810000,-0.110000,-0.658647,-0.110307
1.950000,-1.950000,1011.230000,-0.730000,-0.520000,-0.180000,-0.235038,-0.070686
-3.420000,-6.350000,1010.740000,-0.630000,-0.760000,-0.030000,-0.407794,-0.085233
-3.420000,-6.350000,1010.740000,-0.630000,-0.760000,-0.030000,-0.425069,-0.086696
-0.490000,0.490000,1011.720000,-0.880000,-0.760000,0.010000,-0.101565,-0.095280
-12.210000,1.950000,1013.670000,-0.700000,-0.540000,-0.160000,0.022265,-0.140622
-9.280000,-0.490000,1010.740000,-0.790000,-0.980000,0.180000,-0.098275,-0.138321
-1.950000,-0.980000,1006.840000,-0.750000,-0.940000,0.010000,-0.131675,-0.095713
0.980000,2.440000,1012.210000,-0.760000,-0.730000,-0.240000,0.038655,-0.077052
0.490000,-1.950000,1014.650000,-1.360000,-0.340000,0.010000,-0.225173,-0.135013
-5.370000,0.980000,1018.550000,-0.870000,-0.720000,-0.500000,-0.055854,-0.125018
-0.980000,-0.980000,1012.700000,-0.790000,-0.690000,0.240000,-0.131009,-0.093081
-7.320000,-7.320000,1011.720000,-1.070000,-0.810000,0.120000,-0.488583,-0.149967
-7.320000,-7.320000,1011.720000,-1.070000,-0.810000,0.120000,-0.524353,-0.155581
-16.600000,-1.460000,1011.720000,-0.830000,-0.630000,-0.040000,-0.206146,-0.182159
0.000000,-5.370000,1019.040000,-0.710000,-0.680000,0.130000,-0.360334,-0.085978
0.000000,5.370000,1012.210000,-0.980000,-0.940000,-0.050000,0.144086,-0.102219
-3.420000,-3.910000,1005.860000,-0.530000,-0.850000,-0.140000,-0.236734,-0.078791
-3.420000,-1.460000,1007.320000,-0.870000,-0.980000,-0.120000,-0.181523,-0.109000
0.490000,-10.250000,1014.160000,-0.990000,-0.620000,-0.100000,-0.634103,-0.102901
-9.770000,-0.490000,1007.810000,-1.050000,-0.720000,0.280000,-0.188822,-0.161649
-7.320000,-3.910000,1011.230000,-0.490000,-0.790000,0.090000,-0.265189,-0.101430
1.460000,-10.250000,1007.810000,-0.530000,-1.110000,0.150000,-0.601867,-0.053015
-3.420000,-4.880000,1013.180000,-0.270000,-0.660000,0.130000,-0.334478,-0.048942
-3.420000,-4.880000,1013.180000,-0.270000,-0.660000,0.130000,-0.307738,-0.048594
3.420000,-7.320000,1016.600000,-0.690000,-0.750000,-0.080000,-0.468148,-0.052810
-2.440000,-0.490000,1013.670000,-0.910000,-0.440000,-0.150000,-0.158649,-0.105135
-8.790000,-5.370000,1016.110000,-0.410000,-0.840000,0.020000,-0.327681,-0.095892
-3.910000,-9.770000,1006.840000,-0.530000,-0.700000,0.360000,-0.584060,-0.080572
-1.460000,2.440000,1014.650000,-0.790000,-0.690000,0.090000,-0.009799,-0.091092
4.880000,-1.950000,1019.040000,-0.730000,-1.150000,0.020000,-0.169426,-0.053161
-5.370000,-3.420000,1010.250000,-0.980000,-1.170000,0.010000,-0.285192,-0.127148
0.490000,-0.980000,1014.160000,-0.950000,-0.870000,0.180000,-0.169141,-0.100779
-0.980000,-0.490000,1019.530000,-0.700000,-1.000000,0.120000,-0.108583,-0.082050
7.320000,2.930000,1014.160000,-0.850000,-1.080000,3.950000,0.056478,-0.050171
7.320000,2.930000,1014.160000,-0.850000,-1.080000,3.950000,0.073195,-0.048069
16.110000,-15.630000,998.050000,-0.680000,-1.140000,7.340000,-0.866108,0.014081
-51.270000,3.910000,997.070000,-1.640000,-1.250000,13.870000,-0.040593,-0.404825
12.700000,14.160000,1066.890000,-16.000000,-1.090000,13.060000,-0.856214,-1.500859
-2.440000,-4.880000,1077.150000,-51.740000,0.500000,6.460000,-5.276829,-5.094488
-83.010000,-21.970000,1071.780000,-44.980000,57.440000,15.170000,-5.964457,-5.090390
-111.330000,-101.070000,1386.230000,-42.070000,28.340000,1.210000,-8.354425,-5.078643
-117.680000,-27.830000,1369.630000,-74.550000,44.080000,6.880000,-9.006826,-8.075644
-49.320000,-20.020000,1293.950000,-95.860000,40.980000,12.280000,-10.931214,-9.925606
30.760000,-40.530000,1182.620000,-94.240000,29.910000,15.920000,-12.027197,-9.379700
-10.740000,-60.550000,1077.640000,-102.790000,12.020000,14.980000,-14.106846,-10.297995
-10.740000,-60.550000,1077.640000,-102.790000,12.020000,14.980000,-14.324457,-10.258794
-89.360000,-195.310000,1122.070000,-96.870000,-33.400000,-11.400000,-19.526902,-10.729140
-23.440000,-187.010000,1157.230000,-102.110000,-28.760000,-10.000000,-19.973767,-10.706767
1.460000,-172.850000,999.510000,-108.430000,-24.440000,-15.560000,-21.074166,-11.303514
-92.290000,-193.360000,989.750000,-115.050000,-24.080000,-18.270000,-22.888728,-12.496307
-51.270000,-257.320000,952.150000,-111.370000,-16.510000,-8.660000,-26.509663,-11.640349
-109.860000,-279.300000,913.570000,-101.460000,-7.150000,-2.240000,-27.671457,-10.509239
-102.050000,-324.220000,927.730000,-93.150000,-3.910000,1.850000,-29.070212,-9.385260
57.620000,-378.420000,1054.690000,-98.560000,-1.480000,-4.200000,-30.046310,-9.058489
-55.180000,-329.100000,856.930000,-100.770000,2.160000,-10.790000,-31.387616,-10.043669
-57.620000,-489.260000,955.080000,-99.610000,1.500000,-17.600000,-36.809248,-10.304774
-57.620000,-489.260000,955.080000,-99.610000,1.500000,-17.600000,-37.358460,-9.958516
14.650000,-453.130000,977.050000,-100.100000,-9.390000,-31.530000,-35.374954,-10.345845
75.200000,-381.350000,817.870000,-97.340000,-15.970000,-29.300000,-35.088317,-9.840046
-40.040000,-461.430000,792.480000,-92.870000,-16.530000,-17.130000,-39.506643,-9.393690
7.810000,-479.980000,844.240000,-80.200000,-13.650000,-8.440000,-38.315524,-7.322146
87.890000,-528.810000,805.660000,-72.130000,-4.720000,1.380000,-40.736229,-5.594642
24.900000,-522.950000,667.970000,-61.020000,1.690000,6.870000,-44.208459,-4.417604
62.500000,-601.560000,766.600000,-50.530000,15.400000,12.760000,-43.561870,-2.724163
32.230000,-491.210000,628.420000,-44.400000,35.590000,10.890000,-42.750331,-2.460288
41.990000,-604.000000,778.810000,-38.790000,34.450000,16.580000,-41.966515,-1.672072
45.410000,-529.790000,729.980000,-51.210000,37.690000,30.860000,-41.471114,-1.596040
45.410000,-529.790000,729.980000,-51.210000,37.690000,30.860000,-41.422976,-1.635569
-59.570000,-573.240000,739.260000,-55.110000,30.440000,36.860000,-43.455000,-2.096624
14.160000,-513.180000,704.100000,-53.220000,24.010000,29.020000,-41.938247,-1.920706
-85.940000,-554.690000,713.380000,-48.050000,12.820000,15.920000,-42.890770,-3.043017
-95.210000,-609.860000,701.660000,-33.920000,2.210000,5.620000,-44.457026,-2.814126
-131.350000,-575.680000,657.710000,-25.850000,-4.870000,1.890000,-44.031087,-2.608676
-112.300000,-651.860000,759.770000,-21.150000,-11.810000,0.020000,-43.043042,-2.302932
-67.870000,-618.160000,702.150000,-20.760000,-12.890000,-2.020000,-43.558016,-2.168371
-116.210000,-662.110000,763.670000,-17.910000,-20.160000,-6.560000,-42.951018,-2.499545
-50.290000,-687.500000,812.010000,-19.700000,-12.980000,-5.280000,-42.443682,-2.235447
-54.200000,-629.390000,643.070000,-13.790000,-7.920000,0.570000,-45.548739,-1.444064
-48.830000,-656.250000,664.550000,-9.330000,-5.270000,-0.630000,-45.650244,-1.068402
-48.830000,-656.250000,664.550000,-9.330000,-5.270000,-0.630000,-45.658330,-1.029784
-4.390000,-638.180000,583.980000,-2.840000,-5.190000,-1.960000,-47.648130,-0.449536
-28.810000,-626.460000,576.660000,6.100000,-6.950000,-3.870000,-46.838991,-0.076858
-83.500000,-784.180000,941.890000,4.130000,-13.630000,-8.770000,-40.109608,-0.787612
-9.770000,-668.460000,804.690000,-5.800000,-5.890000,-5.460000,-40.327427,-0.889716
-75.680000,-627.440000,644.040000,-1.660000,-4.160000,-0.440000,-44.041778,-0.635069
-246.580000,-1015.140000,638.670000,1.420000,-26.570000,-13.690000,-56.345824,-2.171469
76.660000,-560.060000,448.240000,8.060000,-3.990000,-6.580000,-51.082460,0.090012
-197.750000,-615.720000,454.590000,26.720000,2.750000,7.340000,-50.785662,1.118111
-80.570000,-620.610000,849.120000,37.000000,13.250000,19.760000,-34.103581,3.384939
-148.440000,-728.030000,985.350000,30.870000,19.300000,24.920000,-33.236461,3.333279
-148.440000,-728.030000,985.350000,30.870000,19.300000,24.920000,-33.148086,3.322860
524.900000,-383.790000,966.310000,9.210000,-5.630000,27.440000,-21.796080,5.263038
-573.240000,-551.760000,250.490000,10.370000,68.320000,131.320000,-59.394360,3.083924
59.080000,-486.820000,739.750000,58.600000,40.600000,66.290000,-30.377669,8.918221
-232.420000,-635.250000,711.910000,49.150000,47.470000,76.410000,-35.303485,7.408146
-230.960000,-775.390000,971.680000,39.920000,20.380000,46.700000,-34.139006,5.214445
-168.950000,-663.090000,969.730000,20.630000,-6.310000,13.370000,-32.259580,1.980186
-181.640000,-623.540000,807.620000,37.320000,-20.470000,2.560000,-33.539404,2.387679
-134.280000,-524.410000,716.800000,57.110000,-30.340000,10.050000,-30.386472,4.609605
-133.790000,-532.230000,643.550000,74.930000,-39.980000,4.290000,-31.348956,6.138488
-145.020000,-468.750000,692.380000,92.730000,-51.920000,-2.920000,-24.731530,7.270564
-145.020000,-468.750000,692.380000,92.730000,-51.920000,-2.920000,-24.089254,7.892264
-64.940000,-541.020000,986.330000,98.630000,-44.480000,7.110000,-18.547570,9.324678
0.490000,-597.170000,1062.500000,84.720000,-43.560000,0.750000,-19.952956,8.629023
-78.130000,-480.470000,807.130000,70.730000,-56.420000,-15.120000,-22.869650,6.309345
-17.090000,-299.320000,505.370000,84.260000,-60.870000,-21.940000,-21.791303,7.142283
-58.110000,-369.140000,510.250000,118.290000,-51.650000,-21.430000,-23.202682,10.139836
-174.800000,-221.190000,773.440000,146.750000,-43.680000,-10.650000,-2.549557,12.576745
-2.440000,-313.480000,1380.370000,137.160000,-36.380000,-7.900000,1.189502,14.297563
14.160000,-363.280000,1273.930000,147.310000,-43.080000,-6.890000,-0.333711,15.583427
7.810000,-268.070000,1114.750000,140.470000,-52.320000,-14.760000,0.821642,15.006317
70.800000,-68.360000,825.680000,127.590000,-28.750000,4.630000,8.113599,14.050649
70.800000,-68.360000,825.680000,127.590000,-28.750000,4.630000,8.747497,13.778446
-49.800000,-136.720000,906.250000,124.000000,-28.240000,6.150000,5.033808,12.731448
52.730000,-60.060000,973.140000,135.820000,-32.390000,-5.450000,10.116152,14.517376
-68.850000,-84.960000,1111.820000,145.730000,-38.650000,-15.820000,10.441849,15.056415
28.320000,-109.380000,1429.690000,126.120000,-46.010000,-30.860000,8.156297,14.034057
37.110000,-88.870000,1411.130000,105.810000,-52.970000,-29.470000,6.800687,12.000756
125.980000,31.250000,1153.810000,98.510000,-57.990000,-24.880000,10.844540,11.485764
99.120000,30.270000,910.160000,96.920000,-50.450000,-19.330000,11.503610,11.108064
167.480000,153.810000,778.320000,99.160000,-61.630000,-21.280000,20.065298,11.676809
116.210000,149.410000,829.100000,108.220000,-66.710000,-30.150000,20.530492,12.474938
116.210000,149.410000,829.100000,108.220000,-66.710000,-30.150000,20.496888,12.547588
75.200000,125.490000,1084.470000,121.130000,-69.140000,-35.950000,18.332072,13.688537
162.110000,69.340000,1365.230000,115.870000,-61.110000,-41.430000,14.156295,13.970239
106.930000,148.930000,1212.890000,99.060000,-45.600000,-40.300000,15.986973,12.073759
175.780000,276.370000,987.790000,77.200000,-15.600000,-31.050000,22.349320,10.036183
169.920000,316.410000,812.010000,61.210000,15.180000,-12.660000,27.150150,7.763905
120.120000,295.900000,737.790000,66.080000,22.760000,-2.560000,28.809784,7.135824
127.440000,244.630000,1050.290000,72.730000,14.140000,-6.980000,21.641446,7.791986
148.440000,298.830000,1162.600000,56.140000,15.370000,-16.470000,20.379823,7.123705
164.060000,294.920000,1066.890000,52.250000,16.600000,-24.810000,20.733681,7.077967
161.620000,347.170000,922.850000,60.910000,29.920000,-20.810000,26.349045,7.701815
125.490000,386.230000,819.820000,57.820000,39.250000,-16.490000,30.905686,7.077690
125.490000,386.230000,819.820000,57.820000,39.250000,-16.490000,31.398457,6.914997
76.660000,347.660000,889.160000,58.780000,51.190000,-12.300000,28.170181,6.498841
60.550000,370.610000,992.190000,50.950000,49.500000,-9.390000,26.290046,5.681585
93.260000,363.770000,1029.300000,39.410000,54.460000,-6.120000,24.096271,4.692244
57.620000,388.670000,995.120000,32.610000,48.600000,-13.750000,24.791742,4.151380
46.880000,429.200000,797.850000,41.200000,52.020000,-14.960000,31.933820,4.832961
42.970000,405.760000,887.700000,43.590000,46.390000,-13.930000,29.578356,4.946223
19.530000,419.920000,890.140000,42.510000,26.590000,-15.700000,29.754639,4.868410
33.200000,414.550000,1008.790000,38.050000,17.460000,-17.450000,26.672443,4.643415
41.990000,453.610000,943.360000,34.240000,19.790000,-16.110000,29.018526,4.297895
18.550000,464.840000,840.820000,39.440000,6.930000,-7.370000,32.701638,4.162887
18.550000,464.840000,840.820000,39.440000,6.930000,-7.370000,33.074990,4.064149
-6.350000,472.660000,963.380000,36.080000,2.900000,-4.600000,30.270191,3.500606
-12.700000,477.540000,954.590000,30.100000,3.380000,-4.560000,29.819877,2.985791
-35.160000,453.130000,896.970000,24.560000,8.180000,-9.200000,29.442013,2.585684
0.490000,478.030000,832.520000,26.670000,0.600000,-11.000000,32.342736,2.995741
2.930000,498.540000,832.030000,30.500000,-0.440000,-12.660000,33.943099,3.422926
-45.900000,530.270000,837.400000,32.270000,0.690000,-15.080000,35.530759,3.461923
-31.740000,505.370000,905.760000,31.930000,-6.090000,-12.120000,32.781859,3.333823
-27.830000,538.570000,900.880000,25.430000,-7.410000,-10.080000,33.436388,2.750253
-31.740000,518.070000,846.680000,21.090000,1.230000,-8.140000,33.659735,2.217404
-17.580000,538.570000,802.250000,23.310000,7.970000,-10.960000,36.077198,2.562491
-17.580000,538.570000,802.250000,23.310000,7.970000,-10.960000,36.318537,2.579578
11.230000,546.390000,856.450000,4.390000,-6.210000,-9.630000,33.299792,1.199384
26.860000,532.710000,841.310000,13.620000,1.310000,-9.520000,33.738492,1.847532
2.440000,576.170000,802.730000,24.240000,-4.500000,-5.020000,37.787035,2.389233
-33.200000,524.410000,834.470000,23.650000,-8.470000,-5.570000,34.945849,2.175581
-23.440000,544.920000,824.220000,17.820000,-3.570000,-5.950000,35.309676,1.814942
-29.790000,537.600000,839.360000,9.240000,-3.050000,-5.230000,33.785241,1.033668
-10.740000,548.340000,847.660000,4.190000,-6.850000,-4.420000,33.389280,0.614163
-11.230000,541.500000,849.610000,3.510000,-4.040000,-4.480000,32.943189,0.517653
-18.070000,557.620000,830.570000,0.860000,-2.530000,-3.260000,33.876983,0.194905
-22.460000,564.940000,838.380000,2.890000,-3.240000,-3.850000,34.254142,0.335426
-22.460000,564.940000,838.380000,2.890000,-3.240000,-3.850000,34.290685,0.350466
-15.630000,554.200000,839.360000,2.890000,-3.820000,-4.550000,33.808731,0.425632
-36.130000,572.750000,830.570000,5.390000,-2.130000,-1.270000,35.040502,0.347809
-43.460000,548.830000,843.750000,7.040000,-0.580000,0.400000,33.929815,0.334891
-33.200000,576.660000,820.800000,9.530000,0.270000,0.030000,35.900500,0.612606
-9.280000,571.290000,846.680000,7.340000,-2.660000,-2.440000,34.911208,0.716999
-59.570000,557.130000,850.100000,8.580000,-2.670000,-3.950000,34.235681,0.646310
-47.850000,573.240000,852.050000,6.290000,-6.000000,-7.610000,34.567961,0.718414
-29.300000,551.760000,836.430000,2.670000,-7.530000,-9.930000,33.782284,0.665605
-12.210000,590.820000,840.330000,1.210000,-6.590000,-6.830000,35.098748,0.460948
48.830000,576.170000,826.660000,0.370000,-0.850000,0.400000,34.949350,0.309862
48.830000,576.170000,826.660000,0.370000,-0.850000,0.400000,34.934453,0.294888
-24.900000,572.270000,828.130000,-0.070000,-0.630000,-0.380000,34.683628,-0.086174
-21.480000,576.170000,820.800000,-1.620000,-0.610000,0.470000,34.890288,-0.274366
-21.970000,579.590000,826.170000,-2.750000,-0.650000,0.220000,34.788503,-0.370465
-15.630000,576.170000,823.240000,-3.680000,0.780000,1.980000,34.630789,-0.515784
-25.880000,572.750000,833.500000,-3.080000,0.440000,2.280000,34.228700,-0.553460
-60.550000,555.660000,838.380000,-2.190000,28.110000,-2.950000,33.398700,-0.388348
-74.710000,583.980000,1069.340000,-22.970000,33.180000,-7.180000,26.926859,-1.886258
-62.500000,577.150000,1046.390000,-45.640000,28.690000,-3.820000,24.308539,-4.238875
2.930000,582.520000,1046.880000,-65.060000,33.490000,-1.990000,22.329799,-5.993398
4.390000,586.910000,991.700000,-89.090000,21.270000,9.010000,21.130286,-8.774020
4.390000,586.910000,991.700000,-89.090000,21.270000,9.010000,20.938076,-9.101237
-16.110000,536.130000,975.590000,-105.990000,0.110000,14.310000,17.691253,-10.937642
-12.700000,473.630000,938.480000,-127.630000,-14.410000,21.050000,13.404216,-13.384380
95.210000,782.710000,1062.500000,-163.180000,-40.710000,7.790000,18.555046,-16.170196
-53.220000,417.480000,763.180000,-113.140000,-37.110000,21.630000,16.634332,-12.798065
-56.640000,366.700000,923.340000,-119.850000,-48.080000,21.220000,9.578907,-13.125072
3.420000,395.510000,1025.880000,-121.210000,-26.220000,14.920000,8.136130,-12.946221
6.840000,285.160000,920.900000,-183.660000,-21.610000,22.310000,-1.651400,-18.923792
-103.520000,224.120000,831.540000,-171.820000,10.600000,6.210000,-3.185020,-18.822287
-22.460000,238.280000,880.370000,-137.690000,-7.460000,-3.400000,0.265830,-15.147927
41.020000,182.130000,971.680000,-113.570000,-24.930000,-4.920000,-1.130133,-12.143065
41.020000,182.130000,971.680000,-113.570000,-24.930000,-4.920000,-1.308917,-11.852029
80.080000,140.140000,1022.950000,-113.470000,-19.500000,4.100000,-4.034450,-11.589028
22.950000,92.770000,1062.500000,-136.890000,0.190000,0.460000,-8.992314,-14.076186
21.480000,88.380000,936.040000,-140.400000,-17.590000,-8.470000,-9.316518,-14.665036
31.740000,105.960000,1007.320000,-126.710000,-44.670000,-17.080000,-7.385271,-13.505263
36.130000,58.110000,973.630000,-117.690000,-29.900000,-0.350000,-8.982825,-12.311431
-0.980000,-74.220000,956.540000,-99.570000,-5.390000,2.490000,-14.471454,-10.591929
-5.860000,-37.110000,1007.810000,-87.400000,-6.310000,-12.350000,-11.507699,-9.467028
10.740000,-53.220000,1025.880000,-73.950000,-41.380000,-28.050000,-10.581140,-8.345020
50.290000,-94.730000,971.680000,-68.980000,-65.270000,-31.340000,-12.396238,-7.595257
50.290000,-94.730000,971.680000,-68.980000,-65.270000,-31.340000,-12.630018,-7.571627
87.400000,-125.000000,978.030000,-62.740000,-68.840000,-27.600000,-13.662390,-6.720596
97.660000,-166.990000,946.290000,-56.730000,-80.020000,-20.560000,-15.783531,-5.886750
131.350000,-220.210000,963.870000,-57.060000,-71.530000,-25.100000,-18.569565,-5.793726
117.680000,-238.280000,994.140000,-70.210000,-13.270000,-38.050000,-20.390716,-7.473668
148.440000,-138.180000,964.840000,-86.000000,2.640000,-34.490000,-17.174901,-8.812909
126.460000,-169.430000,973.630000,-82.050000,1.470000,-22.700000,-18.115161,-8.343013
171.390000,-237.300000,939.940000,-76.920000,3.970000,-20.530000,-21.625745,-7.524571
186.520000,-284.180000,986.330000,-71.980000,31.530000,-17.310000,-23.160293,-6.771354
141.600000,-287.110000,958.500000,-62.660000,10.290000,-19.620000,-23.065159,-6.171456
166.990000,-304.200000,1002.440000,-61.920000,-9.390000,-31.310000,-23.161202,-6.351112
109.860000,-314.450000,943.360000,-65.850000,-26.330000,-35.900000,-24.963979,-7.187723
109.860000,-314.450000,943.360000,-65.850000,-26.330000,-35.900000,-25.126871,-7.289244
168.460000,-341.310000,998.540000,-71.530000,-30.920000,-35.690000,-26.102110,-7.475110
143.070000,-316.890000,874.510000,-76.800000,-39.020000,-29.200000,-27.767184,-7.808766
185.550000,-331.540000,892.580000,-63.020000,-15.440000,-15.430000,-27.059315,-5.817434
250.980000,-368.650000,852.050000,-58.850000,13.010000,-3.920000,-29.302177,-4.437631
198.240000,-393.550000,896.970000,-60.780000,26.350000,-1.150000,-29.963529,-4.517559
144.530000,-382.810000,890.140000,-58.900000,22.390000,1.000000,-29.497718,-4.517992
179.690000,-412.600000,894.040000,-53.440000,21.130000,4.830000,-30.314063,-3.722486
207.030000,-399.410000,937.990000,-51.270000,14.870000,5.930000,-28.682111,-3.225272
179.200000,-415.040000,890.630000,-46.570000,17.740000,15.600000,-29.842326,-2.567702
165.040000,-442.870000,901.860000,-39.650000,21.710000,19.710000,-30.348395,-1.737570
165.040000,-442.870000,901.860000,-39.650000,21.710000,19.710000,-30.389540,-1.623422
158.200000,-448.730000,836.430000,-38.250000,28.090000,21.880000,-32.108973,-1.425302
8.790000,-485.840000,821.780000,-36.300000,21.260000,10.710000,-34.218947,-2.489886
115.720000,-508.790000,855.960000,-35.400000,13.780000,2.040000,-34.446439,-2.327023
122.070000,-520.510000,870.610000,-39.690000,27.420000,10.720000,-35.009894,-2.138391
123.540000,-487.300000,858.400000,-41.370000,35.690000,21.000000,-34.078428,-1.650738
119.140000,-520.020000,869.140000,-41.520000,40.080000,27.690000,-35.192060,-1.342375
65.430000,-542.970000,896.970000,-44.730000,40.930000,36.480000,-35.888563,-1.274979
18.070000,-549.320000,861.330000,-44.830000,21.850000,27.520000,-37.180506,-1.961851
71.290000,-570.310000,876.950000,-44.030000,-6.210000,9.350000,-37.708336,-2.632967
137.700000,-583.980000,912.110000,-58.190000,-13.630000,5.310000,-38.764611,-3.626774
137.700000,-583.980000,912.110000,-58.190000,-13.630000,5.310000,-38.891881,-3.655465
65.920000,-591.800000,810.060000,-55.600000,-15.160000,4.490000,-41.830449,-3.883819
18.070000,-579.590000,736.330000,-41.770000,-0.210000,4.930000,-42.601101,-2.952869
-11.720000,-601.560000,763.180000,-24.490000,7.540000,0.260000,-41.013827,-2.062328
26.370000,-594.730000,785.160000,-18.800000,4.890000,-5.320000,-39.317310,-1.756025
109.860000,-604.490000,831.050000,-15.900000,-2.010000,-7.440000,-37.881841,-1.222960
64.450000,-624.510000,827.150000,-19.110000,-3.160000,-3.370000,-38.976686,-1.421742
62.010000,-611.330000,776.860000,-13.920000,-13.810000,-5.010000,-39.635912,-1.150654
54.690000,-622.070000,792.970000,-10.070000,-20.110000,-8.540000,-39.256843,-1.088342
43.460000,-607.910000,779.300000,-4.200000,-21.630000,-8.100000,-38.518670,-0.680257
114.260000,-629.390000,797.360000,0.270000,-21.050000,-3.820000,-38.311994,0.325977
114.260000,-629.390000,797.360000,0.270000,-21.050000,-3.820000,-38.274408,0.427689
97.170000,-602.540000,777.830000,1.480000,-13.530000,3.480000,-37.682005,0.870582
104.490000,-620.120000,792.970000,2.920000,-16.570000,2.260000,-37.712984,0.989236
83.500000,-597.660000,769.530000,6.270000,-16.630000,4.310000,-37.218803,1.263578
61.040000,-589.360000,743.160000,16.870000,-38.370000,-2.600000,-36.658223,1.580574
61.520000,-560.550000,717.770000,29.020000,-49.940000,-1.810000,-35.026572,2.602311
106.930000,-596.190000,795.900000,41.080000,-65.080000,-13.450000,-32.634431,3.299083
187.500000,-585.450000,805.660000,32.600000,-51.870000,-9.980000,-32.463229,3.424667
114.260000,-566.410000,786.130000,30.580000,-41.670000,-1.940000,-32.419431,3.308560
115.720000,-556.150000,750.490000,28.990000,-38.310000,-0.600000,-33.265735,3.246314
115.720000,-556.150000,750.490000,28.990000,-38.310000,-0.600000,-33.349850,3.217222
84.960000,-602.050000,643.550000,36.510000,-31.560000,0.530000,-38.554999,3.709570
122.560000,-516.600000,752.440000,55.330000,-45.340000,-2.690000,-29.450219,4.988901
134.280000,-521.000000,812.990000,65.440000,-65.050000,-8.880000,-25.896454,6.231298
254.390000,-541.020000,901.370000,56.020000,-80.840000,-18.540000,-24.935444,6.001601
185.060000,-497.070000,874.510000,43.890000,-111.870000,-24.530000,-24.718028,4.387570
327.640000,-449.710000,843.750000,45.890000,-130.790000,-37.160000,-23.200294,4.660401
359.860000,-502.930000,746.090000,42.340000,-115.130000,-26.940000,-28.716956,5.062883
291.990000,-509.770000,761.720000,43.310000,-94.490000,-34.850000,-29.038273,4.071700
352.540000,-485.350000,839.360000,45.180000,-79.400000,-31.560000,-25.562794,4.572274
404.300000,-437.990000,855.470000,37.270000,-71.870000,-20.780000,-23.316440,4.939509
404.300000,-437.990000,855.470000,37.270000,-71.870000,-20.780000,-23.108187,5.104711
359.380000,-432.130000,817.870000,42.920000,-74.430000,-16.500000,-23.170158,5.553219
385.250000,-421.390000,806.150000,56.710000,-98.890000,-23.890000,-21.593779,6.664223
531.740000,-406.740000,858.890000,56.820000,-109.920000,-24.490000,-19.354012,7.649977
554.200000,-410.640000,863.770000,41.220000,-124.390000,-23.460000,-20.649853,6.653428
513.180000,-375.980000,790.530000,27.810000,-108.390000,-15.270000,-22.046751,5.336908
486.330000,-375.980000,752.930000,26.950000,-104.680000,-14.460000,-23.294254,4.960107
531.250000,-388.180000,804.200000,25.920000,-84.750000,-18.050000,-22.915151,4.883799
584.470000,-337.400000,793.950000,22.840000,-87.500000,-17.370000,-20.694852,4.927737
593.750000,-377.440000,779.300000,20.140000,-89.980000,-15.620000,-23.274702,4.889841
667.480000,-357.910000,759.770000,15.460000,-86.440000,-15.050000,-23.398255,4.790856
694.340000,-345.210000,759.770000,8.620000,-83.200000,-13.410000,-23.353693,4.381047
694.340000,-345.210000,759.770000,8.620000,-83.200000,-13.410000,-23.363937,4.341233
655.270000,-344.240000,707.030000,7.630000,-67.780000,-9.970000,-24.855741,4.174440
672.850000,-327.150000,708.980000,6.710000,-63.720000,-10.350000,-24.028314,4.125089
702.150000,-291.500000,686.040000,8.330000,-73.620000,-9.270000,-22.188495,4.474743
715.820000,-304.200000,696.290000,10.420000,-80.860000,-14.400000,-22.345984,4.617839
743.650000,-298.830000,652.340000,12.460000,-88.860000,-17.670000,-23.072334,4.835919
728.030000,-312.010000,640.140000,14.310000,-84.950000,-17.470000,-24.200048,4.919848
757.320000,-318.360000,599.610000,16.840000,-79.480000,-16.080000,-25.846710,5.316681
696.290000,-287.600000,606.450000,12.990000,-71.010000,-17.190000,-24.052998,4.597870
738.770000,-301.270000,538.570000,13.100000,-64.840000,-21.940000,-27.418528,4.637730
738.770000,-301.270000,538.570000,13.100000,-64.840000,-21.940000,-27.723776,4.499031
802.250000,-283.690000,538.570000,17.450000,-66.850000,-27.400000,-26.067335,4.932399
792.970000,-282.230000,535.160000,18.600000,-66.770000,-27.740000,-25.832214,5.100388
788.090000,-238.280000,546.880000,17.780000,-64.570000,-26.020000,-22.044710,5.105445
839.360000,-256.840000,528.810000,16.590000,-59.080000,-23.370000,-23.942651,5.561658
805.180000,-262.700000,496.580000,16.440000,-54.080000,-20.900000,-25.902288,5.420970
826.170000,-237.790000,471.190000,21.590000,-54.070000,-25.720000,-24.636644,5.674674
850.100000,-229.490000,475.100000,27.020000,-49.020000,-26.420000,-23.132971,6.338396
861.330000,-218.260000,493.650000,23.950000,-50.110000,-26.080000,-21.549278,6.295075
877.930000,-215.820000,494.630000,16.690000,-55.220000,-29.390000,-21.861748,5.705055
884.770000,-185.060000,427.730000,14.330000,-54.520000,-32.250000,-21.976651,5.353890
907.710000,-187.500000,452.150000,20.100000,-51.730000,-29.200000,-20.628252,6.053180
907.710000,-187.500000,452.150000,20.100000,-51.730000,-29.200000,-20.516511,6.200622
916.500000,-171.880000,464.360000,16.940000,-55.360000,-25.040000,-18.765758,6.124707
914.060000,-167.480000,444.340000,10.270000,-51.340000,-19.470000,-19.512056,5.757481
878.420000,-157.230000,424.800000,9.020000,-53.020000,-16.750000,-19.360435,5.479672
947.750000,-160.640000,407.710000,4.770000,-60.050000,-15.820000,-20.799034,5.469317
947.270000,-161.620000,385.740000,-0.370000,-58.400000,-12.440000,-22.502214,5.081849
961.430000,-159.670000,364.260000,-4.030000,-46.820000,-6.790000,-23.849944,4.968963
923.830000,-148.440000,346.190000,-3.080000,-38.050000,-0.500000,-23.453811,5.074320
943.360000,-150.880000,302.250000,-4.030000,-28.440000,0.550000,-26.517290,5.144176
915.040000,-122.560000,300.780000,-1.970000,-25.940000,1.260000,-22.693476,5.219096
915.040000,-122.560000,300.780000,-1.970000,-25.940000,1.260000,-22.322909,5.214069
924.320000,-153.810000,288.570000,-0.930000,-26.270000,1.840000,-27.484376,5.374320
952.640000,-149.900000,280.270000,1.750000,-25.430000,2.490000,-27.794718,5.813409
931.640000,-150.390000,287.110000,4.620000,-25.400000,0.920000,-27.109146,5.919699
932.130000,-162.110000,287.600000,8.170000,-20.160000,-5.340000,-28.367831,5.963938
910.160000,-168.460000,286.620000,11.140000,-5.030000,-12.880000,-29.276261,5.742061
951.170000,-158.200000,322.750000,16.080000,9.680000,-19.400000,-25.112852,6.018546
946.290000,-137.210000,312.010000,15.610000,24.630000,-17.410000,-22.659375,6.230996
941.410000,-132.320000,296.390000,16.510000,26.090000,-16.710000,-22.617641,6.422415
958.980000,-124.510000,333.010000,17.190000,40.260000,-11.670000,-19.361823,6.780887
937.500000,-243.160000,312.990000,16.370000,52.680000,-8.290000,-34.736048,6.828790
969.730000,-125.000000,326.660000,28.390000,96.390000,-4.560000,-20.288115,7.771765
969.730000,-125.000000,326.660000,28.390000,96.390000,-4.560000,-18.663868,8.277849
943.850000,-126.460000,356.450000,26.530000,126.660000,5.270000,-17.415021,8.360911
900.880000,-119.630000,377.440000,31.980000,180.970000,16.490000,-15.061523,8.966088
834.960000,-124.510000,432.130000,55.110000,198.050000,18.400000,-11.223396,10.832084
777.340000,-90.330000,596.190000,55.200000,197.210000,4.310000,-4.231910,10.426789
876.950000,-73.730000,556.640000,46.510000,207.090000,-8.160000,-3.186712,10.033140
799.320000,-18.550000,678.220000,33.240000,203.620000,2.440000,1.295185,8.394301
828.610000,-37.600000,680.660000,39.840000,171.840000,15.630000,1.362060,8.972575
782.230000,-74.710000,828.610000,27.260000,152.180000,28.030000,-1.422727,7.554585
773.930000,-9.280000,744.630000,5.660000,162.930000,41.000000,0.223022,5.467466
773.930000,-9.280000,744.630000,5.660000,162.930000,41.000000,0.300297,5.146513
604.980000,-109.380000,869.140000,-10.950000,134.570000,42.050000,-7.107029,2.631575
612.300000,-125.000000,1005.860000,-38.790000,117.250000,24.100000,-10.752734,0.093921
628.420000,-86.910000,931.640000,-91.120000,72.570000,23.620000,-14.575025,-4.812337
562.010000,-87.890000,938.480000,-141.530000,76.050000,39.580000,-19.945846,-9.655185
504.880000,-231.930000,615.720000,-160.800000,69.760000,46.690000,-36.263829,-11.225381
645.510000,-209.470000,731.450000,-133.910000,164.050000,54.920000,-29.806538,-4.938228
491.210000,-307.620000,777.830000,-119.940000,202.120000,61.120000,-33.474639,-4.950040
385.740000,-291.020000,856.930000,-116.770000,201.820000,62.730000,-30.902816,-4.466861
314.940000,-328.130000,836.910000,-106.230000,215.430000,69.890000,-32.135884,-4.070122
214.360000,-348.140000,854.000000,-91.530000,201.470000,58.210000,-31.533196,-3.727236
46.390000,-439.450000,839.840000,-82.750000,169.970000,52.760000,-35.654899,-4.231801
46.390000,-439.450000,839.840000,-82.750000,169.970000,52.760000,-35.943295,-3.666291
140.140000,-393.070000,850.100000,-63.240000,142.970000,31.750000,-31.622895,-2.741292
168.950000,-484.380000,816.890000,-53.230000,191.980000,28.440000,-35.510247,-2.291619
-33.200000,-482.420000,897.460000,-42.730000,183.050000,25.060000,-32.750549,-2.336833
94.730000,-439.450000,854.000000,-31.040000,163.040000,21.960000,-30.486876,-1.095053
-6.350000,-462.890000,854.980000,-23.910000,173.400000,33.410000,-30.825429,-0.492931
-24.410000,-469.730000,817.870000,-10.160000,176.310000,30.630000,-30.897099,0.487246
-149.900000,-452.150000,858.400000,1.060000,157.600000,30.130000,-28.045474,0.824149
-116.210000,-438.480000,863.770000,12.200000,146.830000,26.960000,-25.936324,1.709712
-143.070000,-502.930000,935.550000,21.330000,149.860000,24.480000,-26.128684,2.272688
-143.070000,-502.930000,935.550000,21.330000,149.860000,24.480000,-26.190613,2.333037
-180.180000,-426.270000,929.690000,20.330000,166.600000,30.740000,-23.035900,2.323210
-199.710000,-405.270000,841.310000,26.220000,148.920000,30.340000,-23.077315,2.619856
-325.200000,-378.420000,775.880000,30.050000,206.690000,59.950000,-22.962403,3.434971
-402.830000,-422.850000,742.190000,39.790000,250.130000,82.020000,-25.340237,4.778081
-528.320000,-368.160000,986.820000,39.380000,250.130000,93.570000,-17.374844,4.920187
-574.220000,-417.970000,989.750000,23.540000,248.290000,81.940000,-20.070965,1.951773
-633.300000,-407.710000,879.880000,2.450000,154.410000,53.720000,-24.168041,-1.158154
-694.820000,-412.600000,882.810000,-26.270000,67.170000,8.060000,-27.443287,-5.747231
-627.440000,-398.440000,769.530000,-40.840000,-27.920000,-33.880000,-31.128253,-8.829173
-594.240000,-408.200000,676.760000,-51.140000,-30.460000,-55.280000,-35.530022,-10.919502
-594.240000,-408.200000,676.760000,-51.140000,-30.460000,-55.280000,-35.935755,-11.261316
-622.560000,-395.020000,669.920000,-68.930000,31.980000,-44.190000,-36.627034,-12.209533
-610.840000,-414.550000,668.950000,-82.630000,29.170000,-31.600000,-39.293372,-12.569927
-600.590000,-486.330000,625.980000,-90.920000,39.560000,-31.920000,-45.630427,-13.069232
-584.470000,-444.820000,569.820000,-79.530000,51.440000,-35.360000,-44.992206,-12.109147
-592.770000,-443.850000,676.270000,-68.180000,25.290000,-37.370000,-40.068287,-11.459290
-630.370000,-519.040000,579.590000,-63.750000,9.260000,-41.890000,-47.039333,-11.698204
-638.670000,-574.220000,703.610000,-64.200000,-19.320000,-53.120000,-45.712936,-12.422580
-573.730000,-570.800000,576.660000,-69.960000,0.260000,-53.320000,-50.722703,-12.572405
-429.200000,-525.390000,574.220000,-62.360000,12.930000,-36.210000,-48.557593,-9.963542
-500.000000,-485.840000,390.140000,-44.960000,20.890000,-4.920000,-54.967163,-6.822492
-500.000000,-485.840000,390.140000,-44.960000,20.890000,-4.920000,-55.697680,-6.164144
-564.450000,-537.110000,425.780000,-10.520000,45.720000,14.850000,-52.730886,-2.982036
-567.870000,-573.730000,558.110000,-3.590000,64.910000,21.700000,-46.657062,-1.845494
-571.290000,-507.810000,537.600000,4.790000,67.120000,39.250000,-43.191825,-0.151567
-670.900000,-568.850000,510.740000,24.900000,37.400000,56.090000,-45.239894,1.852995
-637.700000,-559.570000,564.940000,34.620000,34.410000,64.540000,-41.426864,3.533141
-734.380000,-575.200000,446.780000,62.140000,37.690000,64.730000,-45.038629,5.027313
-662.110000,-528.320000,574.710000,74.980000,34.000000,56.160000,-35.563609,5.873600
-615.230000,-469.730000,601.560000,87.460000,19.820000,59.490000,-29.044962,7.448787
-500.490000,-204.590000,630.370000,97.100000,-6.500000,67.410000,-9.047406,9.343983
-708.980000,-387.700000,510.250000,91.890000,-7.440000,91.040000,-24.221024,7.235777
-744.630000,-334.470000,483.890000,119.980000,-28.440000,118.290000,-20.717980,11.886971
-744.630000,-334.470000,483.890000,119.980000,-28.440000,118.290000,-19.391268,11.981643
-723.140000,-290.040000,496.580000,139.720000,-38.610000,129.460000,-13.135120,14.082136
-595.700000,-273.930000,367.680000,149.130000,1.810000,134.920000,-16.969822,15.070247
-691.410000,-188.960000,632.810000,139.530000,32.450000,134.760000,-0.272668,14.368201
-726.560000,-122.560000,625.490000,116.360000,63.670000,122.210000,4.083626,8.780368
-919.430000,-130.860000,749.020000,90.020000,139.020000,121.500000,2.014701,3.784991
-848.630000,-24.410000,679.200000,42.730000,151.950000,97.150000,3.075763,-0.337851
-941.410000,-90.820000,560.060000,47.520000,130.220000,116.110000,-3.517383,-1.055348
-763.180000,20.510000,485.840000,32.140000,75.470000,79.370000,4.763277,-0.594770
-848.140000,-98.630000,553.710000,47.660000,-7.850000,76.030000,-4.140964,-0.592229
-723.630000,34.670000,462.400000,52.300000,-59.760000,74.990000,8.363753,1.630318
-723.630000,34.670000,462.400000,52.300000,-59.760000,74.990000,9.870246,0.254428
-908.200000,18.550000,477.540000,54.820000,-67.500000,68.920000,8.249483,-0.727422
-817.870000,122.560000,471.680000,52.480000,-27.000000,74.980000,18.867296,-0.445795
-813.960000,132.320000,350.590000,59.280000,18.520000,91.650000,26.098536,-1.801801
-788.090000,209.470000,605.960000,65.220000,68.010000,97.640000,25.656607,-2.835334
-889.650000,118.160000,618.650000,62.110000,31.840000,83.420000,17.813391,-3.069170
-882.320000,232.910000,696.290000,54.970000,7.260000,73.700000,23.314737,-2.107253
-849.120000,276.860000,671.390000,55.430000,-55.590000,83.430000,27.612290,-2.972079
-833.010000,332.030000,481.450000,51.800000,-65.070000,87.340000,38.622617,-4.163494
-821.780000,296.390000,386.230000,52.490000,-56.140000,100.900000,42.339942,-6.837998
-927.250000,295.900000,552.730000,48.890000,-8.950000,87.490000,33.590329,-7.740609
-927.250000,295.900000,552.730000,48.890000,-8.950000,87.490000,32.505305,-6.388329
-865.230000,318.850000,785.640000,33.480000,-14.400000,69.240000,25.797238,-6.049984
-843.750000,287.600000,910.160000,3.400000,-38.580000,61.380000,18.305407,-7.305381
-791.990000,281.740000,778.320000,-24.400000,-125.080000,53.050000,17.283028,-8.703252
-781.740000,331.050000,587.400000,-42.530000,-151.500000,41.530000,24.222336,-10.042288
-705.080000,343.260000,440.430000,-37.960000,-176.470000,42.180000,33.525989,-9.673956
-810.060000,312.990000,632.320000,-33.830000,-208.310000,35.960000,25.218441,-9.822350
-708.500000,333.980000,590.330000,-22.270000,-211.620000,25.380000,28.067490,-7.668194
-649.410000,305.660000,720.210000,-17.840000,-190.160000,15.080000,22.788700,-6.365580
-618.160000,231.930000,899.410000,-21.500000,-191.290000,-2.970000,14.063755,-5.673099
-618.160000,231.930000,899.410000,-21.500000,-191.290000,-2.970000,12.841347,-5.743410
-401.370000,366.210000,957.030000,-41.160000,-201.630000,-10.560000,16.737179,-6.294462
-481.450000,260.250000,972.170000,-62.440000,-201.850000,-15.970000,9.978121,-8.434323
-380.860000,369.140000,880.370000,-76.850000,-243.590000,-26.700000,15.111585,-9.633845
-506.350000,276.370000,763.670000,-66.650000,-230.500000,-21.290000,14.366703,-9.243133
-455.080000,264.160000,827.640000,-48.760000,-214.300000,-36.020000,14.087142,-6.976626
-261.230000,245.610000,1049.800000,-49.810000,-219.020000,-41.630000,9.602959,-5.718557
-122.070000,345.700000,1018.070000,-73.660000,-250.140000,-47.560000,11.661097,-7.392812
10.740000,236.820000,942.380000,-78.030000,-250.140000,-37.760000,7.500010,-7.252729
28.810000,328.130000,916.020000,-69.180000,-214.660000,-23.190000,12.508941,-6.835268
-40.530000,213.380000,883.790000,-45.050000,-163.680000,-2.890000,9.608609,-5.037324
-40.530000,213.380000,883.790000,-45.050000,-163.680000,-2.890000,6.755700,-3.413407
-1.950000,173.340000,1028.320000,-32.730000,-149.500000,-11.460000,6.330356,-3.327051
21.000000,109.380000,1168.950000,-50.220000,-161.340000,-22.270000,0.871897,-4.754828
151.860000,146.000000,1064.940000,-76.470000,-162.010000,-34.410000,0.106131,-6.929099
166.990000,127.440000,967.770000,-97.990000,-184.160000,-18.180000,-2.377865,-9.169769
146.000000,-24.900000,874.510000,-118.410000,-178.350000,-41.060000,-12.496749,-11.610533
276.370000,14.650000,998.050000,-160.710000,-149.400000,-68.300000,-15.166641,-16.103188
461.910000,31.250000,949.220000,-160.100000,-98.790000,-54.240000,-14.378048,-15.292778
311.040000,20.510000,890.140000,-187.720000,-52.950000,-46.780000,-17.337375,-18.368941
253.420000,-184.570000,822.750000,-188.790000,-43.320000,-67.820000,-29.506129,-19.644867
324.710000,-118.650000,942.380000,-184.480000,11.890000,-83.440000,-24.356657,-19.515061
443.360000,84.470000,798.830000,-86.350000,66.560000,-65.560000,-2.298259,-9.713438
443.360000,84.470000,798.830000,-86.350000,66.560000,-65.560000,-1.927308,-7.129879
426.270000,-166.990000,928.710000,-51.200000,94.430000,-7.240000,-14.136865,-3.380703
442.380000,-187.010000,794.920000,-41.270000,146.860000,-4.940000,-17.046600,-1.948078
364.260000,-87.890000,724.610000,-52.830000,187.170000,-1.790000,-12.793845,-3.152749
272.460000,-94.240000,780.760000,-32.080000,156.610000,-5.730000,-10.328863,-1.991058
215.820000,-159.670000,858.400000,-12.360000,144.120000,-5.090000,-11.599180,-0.312407
186.040000,-162.110000,983.890000,-6.310000,118.600000,-2.050000,-10.173981,0.317556
154.300000,-193.850000,1045.410000,9.670000,56.010000,-2.130000,-9.559535,1.716373
121.580000,-94.730000,937.990000,21.020000,30.770000,14.260000,-4.115699,3.016748
70.310000,-173.830000,1031.740000,20.150000,-6.440000,14.240000,-7.024933,2.688437
-98.140000,-243.160000,982.910000,62.510000,32.600000,37.840000,-7.094223,6.119590
-98.140000,-243.160000,982.910000,62.510000,32.600000,37.840000,-6.908511,6.466155
-21.480000,-160.640000,921.390000,56.310000,13.790000,22.210000,-3.997838,6.127438
-21.480000,-179.690000,949.710000,60.240000,27.640000,10.470000,-4.206874,6.308583
-14.650000,-105.470000,989.750000,66.040000,58.990000,1.260000,0.376834,6.852689
69.820000,-47.360000,989.750000,68.020000,40.080000,0.750000,4.078600,7.547984
126.950000,-40.040000,1116.700000,64.560000,4.610000,7.730000,4.826130,7.520074
75.200000,-42.970000,1113.280000,53.500000,-2.300000,13.010000,3.762598,6.134344
-19.040000,-41.990000,993.650000,46.860000,10.750000,9.590000,2.778034,4.918872
-11.720000,-21.480000,955.570000,47.590000,11.400000,3.020000,3.692583,4.955940
0.490000,-6.350000,1005.860000,52.770000,20.860000,-2.850000,5.070837,5.544944
0.490000,-6.350000,1005.860000,52.770000,20.860000,-2.850000,5.753130,6.087227
-6.840000,-3.910000,915.040000,57.730000,45.430000,-9.110000,5.822324,6.145578
39.550000,183.110000,858.400000,63.480000,72.370000,2.720000,17.590938,6.827520
5.860000,65.920000,1040.530000,69.760000,38.180000,18.560000,12.019547,6.529215
-68.850000,16.600000,1125.000000,67.120000,5.050000,9.220000,8.483354,6.377333
-54.690000,72.750000,1070.800000,57.890000,4.490000,4.100000,9.927142,5.760624
160.640000,62.500000,1070.310000,-6.020000,-1.260000,7.340000,3.494601,0.733814
-13.670000,66.410000,1019.530000,-3.890000,-1.010000,2.000000,3.336193,-0.380966
-12.700000,81.050000,996.090000,-11.130000,-0.910000,3.050000,3.457517,-1.182982
-31.740000,103.520000,1014.650000,-21.070000,-1.060000,18.970000,3.541877,-2.403023
-27.340000,129.390000,1015.140000,-9.090000,-1.020000,9.960000,5.987201,-1.309290
7.320000,66.410000,1005.370000,-10.240000,0.010000,15.050000,2.991114,-1.214902
7.320000,66.410000,1005.370000,-10.240000,0.010000,15.050000,2.693737,-1.134578
10.250000,61.520000,1019.530000,-13.850000,-0.420000,18.630000,2.020903,-1.464387
-9.770000,78.610000,1021.970000,-15.840000,-0.850000,21.580000,2.597454,-1.782293
76.170000,221.190000,956.540000,-24.790000,-0.470000,40.440000,9.496419,-2.317668
39.550000,225.100000,935.550000,-81.540000,-0.450000,90.440000,4.999914,-9.128806
-279.300000,-345.700000,-255.860000,-28.690000,13.750000,9.830000,45.760501,-5.193312
-8.300000,-260.740000,1031.250000,-6.760000,-2.700000,6.120000,-8.866611,-1.432153
190.430000,442.380000,1187.010000,-0.310000,-1.370000,9.560000,17.465689,0.969752
23.440000,33.690000,930.180000,-0.550000,-0.140000,15.110000,3.585061,-0.262755
1.950000,-40.530000,984.860000,-0.960000,-0.840000,19.180000,-1.863519,-0.222006
1.950000,-40.530000,984.860000,-0.960000,-0.840000,19.180000,-2.407121,-0.044044
48.340000,61.520000,1051.760000,-3.150000,0.140000,16.500000,2.471571,0.015404
68.360000,95.700000,993.160000,-0.970000,-1.440000,9.270000,5.110846,0.230349
-66.890000,-140.140000,958.980000,3.320000,-1.280000,17.150000,-6.651761,-0.158775
5.860000,-13.180000,1062.010000,0.340000,-0.210000,12.200000,-1.276167,0.182089
10.250000,40.040000,982.910000,0.040000,-1.370000,7.760000,1.979080,0.092432
9.770000,21.970000,1033.690000,0.040000,-1.030000,6.590000,1.299113,0.042719
-51.760000,-101.560000,977.540000,-6.490000,-0.820000,3.690000,-5.830589,-0.895586
21.480000,24.900000,991.210000,0.070000,-1.380000,1.830000,0.716470,0.047804
-68.850000,-152.340000,956.050000,-3.290000,-1.010000,4.200000,-8.394577,-0.676510
79.590000,125.000000,993.650000,4.890000,-1.740000,10.870000,6.071489,0.964421
