-3.420000,5.860000,1024.410000,-0.950000,-0.980000,-3.440000-0.783761,-0.818551
-3.420000,5.860000,1024.410000,-0.950000,-0.980000,-3.440000-1.447090,-1.595594
-7.810000,25.390000,1017.090000,-0.540000,-0.950000,-2.530000-1.563503,-1.959485
-3.420000,62.010000,1022.460000,-0.550000,-0.810000,1.650000-1.581784,-2.199424
-6.840000,-5.860000,1010.250000,-0.740000,-0.380000,1.390000-2.139099,-2.586325
54.200000,-35.160000,1014.160000,-1.720000,12.140000,2.970000-3.699836,-3.678144
-11.720000,1.460000,1030.270000,-1.930000,47.270000,6.470000-5.168816,-4.613938
-12.700000,-19.530000,1006.350000,-1.950000,57.000000,2.980000-6.289171,-5.598597
-91.310000,20.020000,1280.760000,-4.110000,63.340000,-1.220000-8.417160,-8.718333
-51.760000,54.690000,1143.550000,-18.230000,7.110000,0.660000-22.919680,-23.294342
-99.120000,47.850000,1061.040000,-38.310000,-5.170000,1.640000-54.600967,-50.805615
-60.060000,3.910000,1105.960000,-34.620000,-26.500000,-0.580000-101.264419,-63.415284
-60.060000,3.910000,1105.960000,-34.620000,-26.500000,-0.580000-165.652602,-51.811393
-47.360000,-32.230000,1035.160000,-35.390000,-41.370000,-2.770000-193.868533,-17.792382
-39.550000,-37.600000,1012.700000,-42.280000,-40.730000,-2.890000-209.136360,19.851380
-41.990000,-63.480000,1016.110000,-50.920000,-34.490000,-4.170000-236.407762,57.849442
-29.300000,-69.340000,975.100000,-57.660000,-32.160000,-5.560000-295.061381,83.529731
-18.070000,-149.410000,979.490000,-51.630000,-22.340000,-5.770000-481.653299,60.971444
-34.180000,-150.880000,997.560000,-44.850000,-38.320000,-10.070000-414.191335,67.557254
18.070000,-115.230000,1065.430000,-43.080000,-45.670000,-7.690000-343.073832,33.691375
52.730000,-65.920000,1023.930000,-48.040000,-61.650000,-7.150000-364.721680,-7.306225
43.950000,-125.980000,988.770000,-58.510000,-60.440000,-9.100000-378.794404,-57.302059
43.950000,-125.980000,988.770000,-58.510000,-60.440000,-9.100000-406.184066,-101.704854
69.340000,-145.020000,979.490000,-62.450000,-50.620000,-9.510000-295.929558,-134.673936
75.680000,-155.760000,980.960000,-66.770000,-37.010000,-7.480000-356.507086,-140.332682
118.160000,-216.800000,953.610000,-68.080000,-23.030000,-5.120000-385.360037,-184.344852
128.910000,-228.030000,974.610000,-63.900000,-7.600000,-7.500000-402.838174,-218.287221
96.680000,-233.400000,967.770000,-62.740000,-0.600000,-5.750000-415.253580,-239.423210
49.800000,-239.750000,989.260000,-58.430000,-6.370000,-8.210000-426.061584,-250.010710
111.330000,-220.700000,958.500000,-59.380000,-3.110000,-10.450000-432.416005,-254.025191
86.910000,-267.580000,980.470000,-64.370000,7.080000,-13.650000-413.535032,-256.659052
96.680000,-296.390000,959.470000,-65.450000,5.760000,-16.270000-378.710315,-275.752909
128.420000,-311.040000,995.120000,-70.220000,8.650000,-16.240000-561.632601,-309.766966
128.420000,-311.040000,995.120000,-70.220000,8.650000,-16.240000-548.581613,-217.418928
127.930000,-327.640000,940.430000,-72.310000,11.890000,-10.990000-566.045287,-132.737090
90.330000,-376.460000,965.330000,-79.350000,23.600000,-8.670000-562.931678,-54.745537
74.220000,-356.930000,931.640000,-83.050000,22.730000,-5.600000-597.029298,18.505850
62.010000,-416.020000,982.420000,-74.790000,12.980000,-4.470000-600.081251,55.172214
139.650000,-276.370000,845.700000,-54.950000,-22.050000,-6.780000-608.416748,78.546614
63.960000,-437.990000,839.840000,-83.380000,0.170000,-7.720000-609.163398,103.607868
125.980000,-428.710000,868.160000,-74.920000,8.140000,-8.760000-653.603407,123.573109
223.140000,-82.030000,469.240000,-49.720000,-20.320000,-5.650000-604.841993,98.922652
47.850000,-466.310000,755.860000,-68.310000,-4.070000,6.760000-570.004603,109.056927
91.310000,-508.300000,844.240000,-57.410000,0.610000,3.440000-558.753919,139.595333
91.310000,-508.300000,844.240000,-57.410000,0.610000,3.440000-553.079360,171.555946
123.540000,-518.070000,820.310000,-55.140000,0.400000,4.750000-547.809110,199.784900
49.320000,-539.060000,901.370000,-53.330000,-4.710000,6.260000-544.054554,224.573201
98.630000,-511.720000,813.960000,-50.080000,-10.720000,4.900000-540.631453,244.847564
95.210000,-562.990000,822.750000,-58.760000,-3.560000,2.480000-545.068865,270.910061
104.490000,-583.010000,800.780000,-48.870000,-4.760000,4.970000-195.203745,285.381497
87.400000,-631.840000,846.680000,-42.240000,-10.930000,2.850000-197.994567,291.308186
113.280000,-525.390000,791.020000,-30.170000,-19.470000,1.570000-190.886343,286.506449
112.300000,-537.600000,732.910000,-29.150000,-18.340000,1.110000-187.236694,282.355145
65.430000,-569.820000,778.320000,-35.130000,-7.970000,3.130000-186.061553,283.784359
98.140000,-585.450000,805.660000,-33.820000,-7.310000,1.970000-190.495543,284.198989
98.140000,-585.450000,805.660000,-33.820000,-7.310000,1.970000-192.934734,284.122598
83.500000,-614.260000,821.290000,-39.180000,-2.160000,1.960000-202.743258,288.219457
108.400000,-646.970000,793.460000,-40.150000,6.950000,1.940000-223.230972,290.669610
116.210000,-626.460000,771.970000,-43.050000,13.710000,2.330000-259.430340,287.311841
106.930000,-662.600000,762.210000,-43.080000,11.790000,0.520000-306.584449,265.079668
89.840000,-675.290000,811.520000,-44.110000,7.370000,3.020000-242.767645,214.021408
68.360000,-665.040000,772.460000,-44.770000,6.050000,4.940000-259.253318,206.570357
83.500000,-673.830000,748.540000,-49.790000,3.890000,1.960000-278.849044,192.384173
81.540000,-680.180000,698.240000,-47.120000,0.050000,1.190000-295.849298,166.050769
67.870000,-688.960000,671.390000,-39.030000,0.240000,0.120000-304.445711,134.844631
97.660000,-696.290000,700.200000,-29.440000,-1.490000,-0.770000-302.349698,107.707418
97.660000,-696.290000,700.200000,-29.440000,-1.490000,-0.770000-297.391797,84.070961
92.770000,-708.500000,735.840000,-27.340000,-6.440000,-4.310000-358.804768,68.255222
79.590000,-701.660000,707.520000,-30.760000,-8.290000,-3.050000-360.829736,35.107747
84.470000,-719.240000,686.520000,-32.700000,-5.200000,-2.050000-358.691406,3.521647
74.220000,-730.470000,651.860000,-31.080000,0.630000,-0.850000-354.408371,-23.473254
86.910000,-747.070000,663.090000,-23.950000,0.790000,-1.280000-343.951066,-41.445874
128.910000,-770.510000,643.070000,-21.820000,-3.540000,2.990000-334.755906,-55.952060
69.820000,-719.730000,658.200000,-12.440000,-10.390000,1.930000-313.280259,-60.685808
75.200000,-750.000000,672.850000,-8.180000,-9.870000,-0.190000-282.583307,-59.260063
88.380000,-737.790000,672.360000,-7.260000,-11.180000,-1.180000-249.205843,-53.636223
83.010000,-750.980000,667.970000,-8.610000,-3.900000,0.780000-231.949844,-46.207797
90.330000,-758.790000,708.500000,-10.090000,-5.020000,1.550000-217.732559,-37.222273
90.330000,-758.790000,708.500000,-10.090000,-5.020000,1.550000-206.530004,-27.391346
101.070000,-766.600000,709.960000,-12.890000,-7.080000,0.450000-200.096568,-14.843579
110.840000,-769.040000,684.570000,-12.690000,-3.710000,0.980000-195.330849,-3.332541
98.140000,-772.460000,653.320000,-10.590000,-3.890000,0.370000-189.811366,5.757156
106.450000,-760.740000,637.210000,-7.080000,0.880000,-0.130000-181.899247,11.260691
83.980000,-739.750000,625.490000,-3.440000,2.530000,1.210000-171.840245,13.106208
99.610000,-761.720000,638.180000,0.250000,0.650000,2.500000-159.961696,11.949359
100.590000,-771.480000,648.930000,1.920000,0.400000,2.570000-147.774627,10.023455
118.160000,-788.570000,652.830000,7.520000,-1.920000,3.150000-131.822545,5.073473
111.820000,-771.970000,650.390000,13.150000,-5.070000,2.530000-112.168622,-1.273463
111.820000,-771.970000,650.390000,13.150000,-5.070000,2.530000-94.711566,-3.320641
83.010000,-754.390000,646.480000,19.370000,-2.940000,3.270000-73.667135,-1.492361
93.750000,-753.910000,631.840000,27.020000,0.480000,5.470000-48.106107,9.768325
104.490000,-749.510000,640.630000,36.030000,3.780000,8.580000-16.845263,35.029432
101.070000,-765.630000,628.420000,44.720000,4.910000,9.63000022.906156,70.773451
65.430000,-681.150000,571.290000,57.340000,6.150000,17.390000110.184736,103.322120
104.490000,-724.610000,664.060000,70.000000,5.500000,13.740000152.993288,61.256934
67.870000,-715.330000,666.500000,80.440000,5.310000,12.750000188.146370,-11.377120
36.620000,-682.620000,677.730000,91.270000,6.150000,8.890000244.928503,-86.823793
42.480000,-656.740000,703.610000,103.900000,0.760000,-2.500000299.682734,-118.079080
63.480000,-575.200000,739.260000,118.970000,-1.220000,-5.610000365.430348,-60.027449
63.960000,-574.220000,749.020000,134.330000,1.210000,-2.450000444.065478,61.182199
63.960000,-574.220000,749.020000,134.330000,1.210000,-2.450000512.836937,69.583830
59.080000,-536.130000,763.180000,150.110000,3.060000,-0.730000591.808227,-51.576505
120.120000,-548.830000,805.180000,163.380000,3.760000,-7.150000667.995885,-138.562682
48.830000,-425.290000,878.910000,173.520000,-4.330000,-2.130000749.375886,-35.008969
86.910000,-413.090000,962.890000,173.690000,-3.450000,-13.050000829.280236,104.558451
73.240000,-345.700000,959.470000,164.440000,-2.020000,-11.600000879.603684,57.891719
68.360000,-292.480000,951.660000,152.670000,0.940000,-4.780000927.727922,-69.033123
70.310000,-278.810000,943.850000,137.240000,3.430000,-3.570000947.681986,-168.356887
75.680000,-244.140000,969.240000,128.050000,3.090000,-9.180000962.270243,-232.045479
90.330000,-205.570000,1020.510000,114.930000,7.760000,-8.280000966.896475,-261.767170
90.330000,-205.570000,1020.510000,114.930000,7.760000,-8.280000990.048004,-281.598406
86.430000,-181.640000,1007.320000,99.010000,15.980000,-9.380000907.660262,-262.124323
39.060000,-145.510000,985.350000,80.470000,23.400000,-10.140000841.678148,-305.602269
44.920000,-191.410000,1000.490000,72.350000,26.620000,-15.600000855.861397,-295.815010
59.080000,-118.650000,1023.930000,78.750000,26.510000,-22.400000899.124826,-300.905070
24.410000,-100.590000,1066.410000,83.880000,24.110000,-21.350000912.413151,-342.451817
40.040000,-83.010000,1092.770000,92.300000,12.310000,-10.940000902.311328,-387.745385
28.320000,-45.900000,1044.430000,103.380000,3.830000,-7.590000897.340655,-437.976929
18.070000,-1.950000,1048.340000,107.110000,2.420000,-10.560000857.379500,-485.603673
21.970000,10.250000,1034.180000,117.220000,-5.790000,-9.640000876.196756,-504.994309
39.550000,87.890000,1079.100000,122.960000,-15.110000,0.710000890.566064,-551.086270
39.550000,87.890000,1079.100000,122.960000,-15.110000,0.710000908.203358,-600.177741
34.180000,110.350000,1037.110000,128.920000,-20.050000,10.340000939.975695,-648.742715
54.690000,170.900000,1025.390000,140.820000,-17.780000,15.980000965.326589,-668.497540
89.360000,211.910000,1060.550000,138.430000,-17.470000,15.900000998.810553,-639.817159
93.750000,211.910000,1057.620000,128.020000,-24.340000,22.1400001150.340164,-541.057805
98.140000,255.370000,984.860000,115.020000,-26.210000,11.6000001135.865424,-462.042508
77.150000,283.690000,947.270000,105.530000,-12.650000,5.7000001085.244110,-368.169933
62.010000,282.710000,950.200000,90.410000,-0.310000,10.4700001054.832585,-254.603761
69.340000,305.180000,937.990000,71.600000,4.520000,10.420000989.709861,-169.765263
41.020000,305.180000,904.300000,60.820000,11.440000,2.950000943.084289,-150.951896
84.470000,324.220000,907.710000,63.540000,16.140000,-4.080000901.562656,-178.378879
73.240000,361.330000,915.530000,68.360000,22.920000,-3.310000872.392283,-219.299491
73.240000,361.330000,915.530000,68.360000,22.920000,-3.310000836.465901,-247.844448
92.290000,388.670000,950.200000,75.890000,20.100000,-4.020000778.689323,-248.539180
51.270000,380.370000,922.850000,84.820000,23.850000,-10.780000744.195207,-177.456918
29.300000,416.990000,897.460000,89.760000,20.760000,-15.170000749.203122,-83.847950
15.140000,473.630000,874.020000,87.300000,16.190000,-9.260000754.600885,-5.876499
28.810000,479.490000,878.420000,80.500000,12.090000,-5.630000751.007585,54.664223
65.920000,510.250000,898.930000,70.240000,11.020000,-1.590000744.381811,101.883975
42.480000,520.510000,879.880000,71.580000,13.740000,-2.080000719.394096,148.651677
21.000000,550.780000,856.450000,72.080000,9.330000,-4.320000715.036963,195.681821
41.990000,550.780000,865.230000,67.120000,11.670000,-2.690000703.572773,233.366093
11.230000,550.780000,838.870000,62.340000,14.160000,-3.900000681.125208,260.368493
11.230000,550.780000,838.870000,62.340000,14.160000,-3.900000610.110765,273.730605
-6.840000,565.430000,833.980000,56.140000,9.370000,-4.660000699.150017,225.933624
31.250000,600.100000,850.590000,56.310000,4.950000,2.490000681.626785,249.255799
35.640000,632.810000,817.380000,54.820000,9.020000,0.180000651.957596,261.211575
19.040000,620.120000,795.410000,47.830000,9.050000,-6.730000572.019385,244.876274
1.460000,617.680000,761.720000,42.030000,19.910000,-13.210000556.243236,183.691484
5.370000,639.160000,811.520000,39.540000,20.500000,-10.970000538.694384,130.057054
-5.860000,662.110000,787.110000,38.160000,14.110000,-7.920000513.123025,84.448310
-22.950000,656.250000,761.230000,38.920000,4.730000,-9.310000590.973872,49.869761
-3.420000,667.480000,755.860000,41.080000,6.110000,-11.690000574.064724,14.731594
-16.600000,677.250000,756.840000,39.760000,3.820000,-12.990000556.976863,-21.365699
-16.600000,677.250000,756.840000,39.760000,3.820000,-12.990000535.825771,-55.180650
-10.250000,687.500000,733.890000,39.340000,4.210000,-11.620000505.667445,-82.606458
-18.070000,666.020000,724.610000,36.900000,4.710000,-5.180000445.382321,-97.939412
-21.480000,669.430000,725.590000,35.120000,10.760000,0.990000502.320658,-86.457144
-32.230000,675.780000,708.980000,33.540000,10.220000,4.060000443.039115,-102.713227
-53.710000,689.450000,694.340000,32.790000,7.440000,3.890000461.505671,-92.265300
-54.690000,705.570000,679.200000,30.760000,3.630000,-0.110000525.868604,-88.145836
-36.130000,732.910000,674.800000,32.610000,4.990000,-1.410000438.473880,-106.199899
-42.480000,742.190000,699.220000,36.380000,0.820000,-1.540000432.021803,-87.941825
-8.790000,742.190000,697.750000,33.040000,0.120000,1.310000409.651991,-71.353810
-35.640000,745.610000,666.500000,29.180000,-1.820000,4.270000395.048688,-50.720400
-35.640000,745.610000,666.500000,29.180000,-1.820000,4.270000382.860589,-27.183173
-26.860000,768.070000,668.950000,30.270000,-0.630000,8.380000372.185230,-3.247885
-40.040000,750.490000,665.040000,29.500000,1.750000,8.340000364.755268,20.365840
-27.340000,742.190000,638.670000,22.830000,-2.450000,8.760000355.556376,37.273951
-28.810000,793.460000,640.140000,20.590000,-2.410000,7.890000348.079531,51.716517
-11.230000,785.160000,678.710000,12.460000,1.590000,5.100000333.962604,57.928865
-8.300000,789.060000,682.130000,0.430000,-1.490000,5.950000314.070256,54.721220
-18.550000,813.480000,702.150000,-7.670000,-11.780000,7.460000297.572298,49.285408
-0.490000,801.760000,710.940000,-14.580000,-17.920000,7.560000279.476637,44.353164
38.570000,804.690000,737.300000,-22.390000,-18.180000,8.750000253.291719,44.240036
63.480000,805.660000,773.930000,-36.440000,-20.730000,13.340000214.621846,59.899761
63.480000,805.660000,773.930000,-36.440000,-20.730000,13.340000167.571536,86.252103
56.150000,778.320000,779.300000,-53.080000,-28.410000,22.440000-254.266727,118.020659
24.900000,754.390000,715.330000,-66.420000,-26.180000,30.070000-227.190579,96.975339
16.110000,715.330000,687.500000,-72.980000,-5.930000,29.580000-89.320422,111.390093
-30.270000,690.920000,708.980000,-77.890000,-0.890000,26.300000-145.599492,121.990238
1.950000,686.040000,729.000000,-83.440000,4.370000,21.230000-170.877231,179.245015
74.220000,666.500000,792.970000,-96.310000,11.060000,21.820000-232.268179,246.079638
33.200000,642.580000,751.950000,-111.640000,25.280000,25.060000-292.112508,263.361509
-12.210000,588.870000,710.940000,-115.730000,28.970000,18.630000-113.497458,184.961443
-40.530000,554.690000,730.960000,-115.260000,37.490000,5.550000-200.175155,210.226810
-43.950000,558.590000,763.670000,-114.340000,46.260000,-6.270000-263.961734,283.336450
-43.950000,558.590000,763.670000,-114.340000,46.260000,-6.270000-503.333414,270.901528
-4.390000,554.690000,844.730000,-95.090000,41.840000,-7.790000686.935989,305.128158
10.250000,538.570000,921.880000,-95.780000,14.360000,-9.630000558.541112,201.343648
-37.110000,522.950000,919.430000,-95.840000,-22.850000,-4.530000427.103419,258.197741
1.950000,485.840000,877.930000,-92.500000,-54.820000,-3.37000097.342473,203.833163
31.250000,438.480000,794.920000,-89.900000,-45.900000,-0.700000-3.942802,193.874208
-7.810000,406.740000,800.290000,-72.740000,-23.120000,-5.820000-64.263848,111.764138
63.960000,431.150000,825.680000,-55.230000,-11.670000,-12.060000-113.921449,70.652144
52.250000,417.480000,908.690000,-50.340000,-2.340000,-11.410000-126.824329,72.153526
95.210000,410.160000,960.450000,-57.370000,-12.450000,-5.620000-125.609875,90.634816
95.210000,410.160000,960.450000,-57.370000,-12.450000,-5.620000-1280.419067,106.364110
74.710000,383.300000,947.270000,-64.700000,-13.960000,1.120000-1188.818359,147.779399
43.950000,351.560000,939.450000,-75.350000,-10.420000,4.210000-1137.311530,156.709756
35.640000,334.470000,953.130000,-90.440000,-7.180000,6.990000-1103.035197,103.444161
50.780000,313.960000,969.240000,-103.390000,-5.950000,11.440000-1126.178562,14.772222
85.940000,282.710000,1020.020000,-110.130000,0.890000,13.920000-1104.608737,-44.326296
63.960000,253.420000,1036.620000,-109.980000,7.780000,12.730000-1094.396739,-121.722966
-14.160000,216.800000,982.910000,-111.530000,9.950000,4.150000-1077.277350,-201.784851
10.740000,212.400000,987.300000,-105.010000,8.030000,-1.570000-1058.214788,-271.635369
34.180000,162.110000,1003.420000,-103.400000,6.670000,-0.190000-962.845529,-326.605302
93.260000,139.160000,975.100000,-103.580000,16.220000,2.680000-947.294160,-254.624929
21.480000,107.420000,989.750000,-101.240000,18.050000,2.200000-975.077441,-170.975723
21.480000,107.420000,989.750000,-101.240000,18.050000,2.200000-961.650639,-132.555394
22.950000,52.730000,965.330000,-83.730000,8.370000,-1.500000-929.581680,-83.445438
15.140000,39.060000,983.400000,-66.300000,3.790000,-7.190000-953.774227,-22.297110
16.110000,36.620000,984.860000,-53.840000,0.150000,-12.560000-907.147878,16.259011
21.000000,34.180000,1014.160000,-50.850000,-5.350000,-12.220000-857.062195,59.278248
11.720000,15.630000,994.630000,-54.630000,-16.790000,-6.480000-794.760151,83.665019
3.420000,-21.000000,969.240000,-45.850000,-22.160000,-4.660000-600.376358,60.817165
31.740000,-56.150000,981.450000,-38.060000,-26.530000,-6.270000-603.912859,75.745815
53.710000,-61.520000,990.720000,-30.520000,-25.260000,-7.800000-634.752446,85.869389
44.430000,-46.390000,999.020000,-25.290000,-27.560000,-10.360000-926.319215,84.507246
44.430000,-46.390000,999.020000,-25.290000,-27.560000,-10.360000-879.574993,99.527483
54.200000,-39.550000,1014.650000,-19.360000,-31.130000,-12.310000-924.811996,101.385469
81.540000,-42.970000,1021.480000,-23.140000,-34.550000,-9.840000-829.834840,112.902045
90.330000,-81.050000,1014.160000,-26.580000,-27.740000,-6.400000-827.874095,104.070384
105.960000,-75.200000,1008.300000,-26.870000,-22.740000,-0.960000-844.286332,99.865548
107.420000,-67.870000,1018.550000,-26.920000,-17.140000,3.590000-844.157575,105.395595
113.280000,-87.890000,1017.090000,-28.880000,-14.660000,4.350000-815.688368,111.815464
94.730000,-88.870000,1000.980000,-34.850000,-13.100000,4.270000-791.827276,107.097728
112.300000,-105.960000,1012.210000,-40.440000,-11.030000,2.600000-779.638750,87.500010
107.420000,-108.400000,1007.810000,-42.430000,-5.240000,2.110000-630.786522,61.720985
111.330000,-133.790000,987.790000,-40.040000,-0.240000,0.240000-603.274867,55.127318
82.030000,-159.670000,990.720000,-32.550000,5.400000,-3.500000-563.954814,65.057295
82.030000,-159.670000,990.720000,-32.550000,5.400000,-3.500000-526.537308,85.431404
79.100000,-153.810000,989.750000,-24.720000,-4.810000,-4.090000-441.516113,96.740557
106.450000,-145.020000,999.020000,-19.100000,-6.880000,-3.480000-460.571250,81.686586
106.930000,-175.780000,979.000000,-13.050000,-11.700000,-0.150000-359.227466,75.466448
93.750000,-171.390000,962.400000,-3.560000,-13.370000,-0.910000-331.119882,64.928120
120.610000,-165.040000,961.910000,5.350000,-10.720000,-1.560000-306.433902,63.176883
112.790000,-178.710000,963.870000,10.120000,-8.800000,-4.220000-284.424100,64.996134
131.840000,-168.460000,984.860000,17.160000,-14.240000,-5.780000-270.221297,67.026238
131.350000,-149.410000,982.420000,21.210000,-17.250000,-2.020000-260.756533,62.163437
125.980000,-146.970000,971.190000,23.670000,-16.450000,-0.240000-241.516405,52.909895
125.980000,-146.970000,971.190000,23.670000,-16.450000,-0.240000-214.153411,38.132744
109.860000,-135.740000,982.910000,27.570000,-18.440000,-2.350000-175.475511,15.878993
117.190000,-126.950000,973.140000,28.690000,-28.670000,-4.730000-132.296043,-10.547408
160.640000,-132.320000,983.400000,24.630000,-39.060000,-5.830000-103.916105,-27.337685
155.760000,-117.190000,1006.350000,26.780000,-41.120000,-7.820000-89.731953,-36.553955
151.860000,-106.450000,1019.530000,25.220000,-65.990000,-9.900000-101.667786,-41.200397
179.200000,-84.470000,988.280000,13.800000,-91.210000,-13.280000-149.316640,-50.544763
216.800000,-72.750000,968.750000,12.760000,-92.860000,-18.670000-190.139479,-62.995420
256.840000,-71.780000,981.450000,13.330000,-84.820000,-19.340000-167.248010,-64.928820
274.410000,-99.120000,1013.670000,14.620000,-91.910000,-15.180000-203.129879,-73.426658
312.500000,-72.270000,969.730000,14.390000,-103.830000,-12.770000-87.714916,-72.990971
312.500000,-72.270000,969.730000,14.390000,-103.830000,-12.770000-356.375764,-75.973588
282.710000,-83.010000,968.260000,6.470000,-114.790000,-17.660000-229.078898,-61.654828
370.610000,-36.620000,912.600000,-0.880000,-113.280000,-19.430000-91.493342,-42.179113
445.310000,-70.800000,922.360000,-5.760000,-105.690000,-13.370000-170.220442,-49.064111
470.700000,-62.010000,988.770000,-9.170000,-110.110000,-8.060000-187.982333,-37.304245
490.230000,-73.730000,925.290000,-10.160000,-124.340000,-9.710000-173.501198,-23.491785
488.770000,-59.080000,883.790000,-7.970000,-116.330000,-8.340000-171.459844,-14.873927
430.180000,-85.940000,895.020000,-12.920000,-116.430000,-17.000000-173.787422,-4.347453
545.900000,-56.150000,812.990000,-17.600000,-106.750000,-17.450000-173.829602,9.796723
619.630000,-56.150000,830.570000,-19.250000,-91.530000,-13.430000-169.919037,24.368276
612.300000,-69.820000,861.820000,-26.520000,-86.080000,-4.380000-168.595391,44.061687
612.300000,-69.820000,861.820000,-26.520000,-86.080000,-4.380000-157.174129,61.601500
646.970000,-87.890000,809.080000,-30.640000,-87.230000,7.140000-124.951259,82.467593
642.090000,-94.240000,787.110000,-31.770000,-85.090000,9.330000276.229839,96.793390
650.390000,-105.960000,764.160000,-20.980000,-64.850000,6.020000-243.546465,90.726486
649.900000,-114.260000,757.320000,-19.180000,-62.630000,1.1800003855.075015,88.502541
677.250000,-114.750000,763.670000,-17.990000,-58.240000,-2.7000005257.370248,82.317386
690.920000,-100.100000,722.660000,-22.230000,-56.450000,-2.7900004929.940349,88.832355
711.430000,-99.120000,725.590000,-26.370000,-48.080000,-1.2100006235.221562,88.100137
710.940000,-108.890000,669.920000,-27.520000,-37.170000,1.2800004702.831720,87.570433
679.690000,-108.890000,653.320000,-26.340000,-10.630000,0.7200004148.504989,57.781181
711.430000,-123.540000,707.520000,-26.180000,1.530000,-1.0100003711.295780,74.684503
711.430000,-123.540000,707.520000,-26.180000,1.530000,-1.0100003322.241055,75.930645
721.190000,-141.110000,667.970000,-18.400000,9.560000,-0.5100003004.973316,66.596956
701.170000,-143.070000,697.750000,-14.430000,8.210000,1.1800002703.206173,66.337712
700.200000,-140.630000,705.080000,-15.800000,5.320000,0.2300002417.392298,73.693367
679.200000,-138.180000,702.150000,-16.380000,5.920000,-2.6600002145.475934,67.867444
672.360000,-163.090000,705.570000,-18.870000,-6.210000,-5.8700001905.005505,44.495154
701.170000,-162.600000,739.750000,-18.110000,-19.420000,-6.4300001683.116665,49.593630
683.590000,-159.180000,719.730000,-20.080000,-38.950000,-4.1500001533.024918,49.909477
681.640000,-152.340000,682.620000,-21.770000,-50.020000,-11.4300001309.220274,55.867894
726.560000,-162.600000,635.250000,-18.470000,-46.370000,-10.8600001214.118481,54.216514
717.290000,-175.290000,679.200000,-14.530000,-41.220000,-9.4000001050.860868,63.672108
717.290000,-175.290000,679.200000,-14.530000,-41.220000,-9.400000953.064820,42.873446
731.930000,-150.390000,664.550000,-15.370000,-55.310000,-11.370000883.807723,39.279782
764.160000,-153.810000,590.330000,-9.180000,-39.330000,-9.350000784.456639,45.660206
774.410000,-154.790000,667.480000,-7.680000,-44.340000,-3.870000661.573354,41.650745
779.300000,-153.810000,641.600000,-10.730000,-55.480000,-1.630000620.436475,31.960766
791.500000,-168.460000,528.320000,-15.730000,-71.320000,-1.520000580.899145,30.260037
805.660000,-148.930000,104.490000,-6.750000,-39.530000,2.630000523.402823,33.581455
786.130000,-169.920000,508.790000,-3.630000,-33.960000,-0.350000460.667740,33.756375
814.450000,-153.320000,519.040000,2.600000,-7.440000,-1.350000411.129003,31.593656
804.690000,-163.090000,548.340000,6.500000,13.400000,-1.340000378.995159,33.321113
828.610000,-172.850000,561.520000,11.460000,24.620000,0.110000353.773916,39.767816
828.610000,-172.850000,561.520000,11.460000,24.620000,0.110000324.649650,46.075060
835.450000,-148.930000,487.300000,14.260000,47.740000,2.110000279.543912,52.986548
834.470000,-142.580000,427.250000,25.190000,104.070000,6.150000155.599247,56.928268
841.310000,-132.810000,409.670000,54.810000,194.520000,13.540000275.379545,4.029314
711.910000,-139.160000,694.820000,78.490000,250.130000,27.470000299.251231,33.716627
497.560000,-177.250000,875.980000,51.080000,250.130000,14.640000190.885080,62.983106
507.810000,-138.180000,780.270000,52.900000,250.130000,-9.470000153.105961,10.792642
518.070000,-110.350000,963.870000,57.340000,250.130000,-14.850000207.173147,-28.119283
449.220000,-82.520000,895.510000,44.660000,250.130000,-13.530000271.033998,-64.518641
422.360000,-42.970000,864.260000,50.020000,250.130000,-7.310000737.249717,-63.429523
290.530000,-54.690000,951.170000,55.580000,250.130000,9.600000570.580510,-13.596879
290.530000,-54.690000,951.170000,55.580000,250.130000,9.600000588.902992,-49.155722
120.610000,-43.460000,1027.830000,46.440000,250.130000,9.180000762.106343,-64.645468
-23.930000,-51.270000,1062.010000,47.180000,250.130000,1.650000422.450519,-28.870030
-92.290000,2.440000,1068.360000,40.110000,250.130000,-8.530000311.749462,-3.489592
-174.320000,28.320000,1153.320000,20.470000,228.980000,-24.510000308.133732,-7.318977
-115.720000,28.810000,1182.130000,-3.410000,191.250000,-31.550000293.305493,-29.834220
-123.050000,-9.280000,1131.350000,-33.620000,183.560000,-19.710000321.991803,-53.862942
-246.090000,-73.730000,937.500000,-20.230000,152.590000,-16.810000398.388866,-71.220038
-281.740000,-44.430000,859.860000,-0.750000,151.980000,-16.600000153.509502,-55.948386
-301.270000,-22.950000,958.500000,11.130000,175.580000,-16.32000029.271922,-52.811957
-370.610000,0.000000,971.190000,11.020000,228.820000,-15.640000-75.308257,-32.913665
-370.610000,0.000000,971.190000,11.020000,228.820000,-15.64000066.946008,-40.431755
-420.900000,-10.250000,928.220000,4.850000,244.700000,-17.070000-95.474797,-21.502902
-500.980000,-17.580000,920.900000,0.180000,212.820000,-13.310000-14.604278,-31.049172
-541.990000,-42.480000,807.620000,7.150000,192.200000,-11.60000023.554735,-24.826601
-623.050000,-20.020000,696.780000,25.950000,193.240000,-12.65000017.273209,2.082957
-614.750000,-14.160000,812.010000,33.280000,176.150000,-10.40000045.374201,31.484478
-650.880000,-10.250000,746.580000,20.900000,214.160000,-3.750000137.487599,42.872974
-727.050000,-11.230000,689.940000,18.260000,207.560000,6.010000247.797156,23.108683
-778.810000,3.420000,661.130000,10.090000,194.930000,11.770000163.983446,26.405480
-829.100000,15.630000,595.210000,12.480000,208.790000,14.130000177.367678,9.605691
-827.640000,26.370000,574.220000,20.950000,199.980000,7.240000178.230548,-10.121445
-827.640000,26.370000,574.220000,20.950000,199.980000,7.240000178.792110,-27.793107
-816.410000,13.670000,502.930000,24.240000,182.670000,15.830000187.194921,-46.629382
-1250.000000,-94.240000,328.610000,-7.340000,57.630000,50.780000212.851730,-31.043486
-834.960000,65.430000,359.380000,46.870000,41.890000,18.940000252.835938,-53.506873
-929.690000,29.300000,444.340000,20.120000,74.150000,14.220000332.307541,-42.170696
-894.040000,60.550000,388.670000,20.690000,75.630000,12.560000336.604688,-17.709422
-870.120000,46.880000,403.810000,26.470000,60.730000,11.130000330.220411,8.231387
-927.730000,76.660000,404.790000,31.880000,61.630000,10.760000323.008271,35.225464
-943.850000,79.100000,421.880000,28.150000,56.850000,8.880000299.433073,55.044449
-970.700000,83.980000,405.760000,21.220000,55.550000,7.080000233.638768,63.200505
-988.770000,81.540000,412.600000,17.730000,66.990000,-1.830000136.952171,45.976510
-988.770000,81.540000,412.600000,17.730000,66.990000,-1.830000181.489087,30.751047
-928.220000,35.160000,331.050000,14.900000,51.460000,-2.920000177.604355,14.268362
-937.010000,59.080000,325.680000,14.090000,52.770000,-0.300000173.548860,0.204968
-970.700000,76.170000,327.640000,8.140000,30.790000,-1.650000164.515774,-7.173224
-943.850000,104.000000,364.260000,4.870000,24.350000,-2.210000152.907616,-10.530842
-943.360000,55.660000,232.420000,1.660000,20.180000,-3.550000138.415129,-9.905912
-952.640000,51.760000,250.490000,1.400000,41.180000,-3.280000122.471181,-8.498163
-999.510000,90.330000,327.150000,-2.270000,41.690000,-2.020000105.160357,-5.721882
-977.050000,82.520000,314.940000,-9.680000,24.550000,-10.25000085.522898,4.952558
-880.370000,62.010000,275.880000,-12.710000,-13.800000,-7.49000066.245357,9.498983
-890.140000,46.390000,188.960000,-13.820000,-34.410000,-6.35000044.227931,8.231168
-890.140000,46.390000,188.960000,-13.820000,-34.410000,-6.35000025.759258,2.177529
-985.350000,39.060000,259.770000,-10.760000,-29.920000,-10.86000014.046274,-2.892623
-1037.600000,64.940000,192.870000,-7.560000,-16.610000,-15.1200008.817055,-6.362109
-930.180000,40.530000,295.900000,-16.190000,-34.370000,-11.730000-3.585392,-18.477123
-947.270000,49.800000,343.750000,-16.220000,-46.870000,-12.340000-13.649269,-31.761063
-951.660000,47.850000,349.120000,-13.050000,-80.890000,-11.310000-27.021381,-42.335185
-947.270000,24.410000,371.090000,-16.690000,-116.480000,-13.200000-70.475264,-56.589387
-923.830000,36.130000,386.230000,-17.180000,-163.890000,-15.030000-272.118305,-68.588165
-913.090000,-14.160000,508.790000,-23.740000,-218.370000,-19.150000213.488847,-46.518673
-926.270000,73.240000,491.210000,-32.020000,-236.960000,-20.79000031.677380,-29.258806
-909.670000,6.840000,623.540000,-36.530000,-196.180000,-21.76000055.642579,-43.773321
-909.670000,6.840000,623.540000,-36.530000,-196.180000,-21.760000162.073347,-42.225953
-846.680000,-4.880000,611.330000,-44.200000,-173.730000,-22.420000133.076477,3.588979
-780.270000,-18.070000,656.740000,-44.570000,-173.770000,-14.86000075.001205,38.244775
-761.720000,-26.370000,650.880000,-39.820000,-153.920000,-5.280000-68.520554,29.477959
-665.040000,-9.280000,692.870000,-35.110000,-166.690000,1.120000-16.424206,15.969602
-701.660000,1.460000,660.640000,-19.950000,-158.400000,1.190000-20.631013,-2.197248
-667.480000,-9.770000,789.060000,-21.090000,-187.930000,-1.010000-38.916745,-19.639692
-590.820000,-83.010000,786.620000,-20.930000,-138.990000,-3.200000-79.609831,-33.749402
-567.380000,-95.210000,811.520000,-25.650000,-130.650000,10.220000-169.172620,-26.058418
-546.880000,-51.760000,859.380000,-29.110000,-124.500000,18.680000-179.817268,3.835807
-546.880000,-51.760000,859.380000,-29.110000,-124.500000,18.680000-188.242957,28.229834
-504.880000,-69.820000,828.130000,-33.630000,-139.050000,16.180000-215.281395,51.754916
-523.440000,-37.600000,919.430000,-40.890000,-180.050000,17.600000-357.802626,66.288578
-509.770000,-31.250000,1053.220000,-51.790000,-222.690000,4.100000-376.762711,14.738806
-386.230000,-61.040000,952.150000,-54.950000,-218.570000,-1.080000-372.829986,-32.494877
-291.500000,-54.690000,921.390000,-49.400000,-157.190000,5.880000-400.307625,-69.741209
-260.250000,-110.840000,1005.370000,-52.690000,-135.060000,-5.640000-598.394076,-100.681835
-209.960000,-165.530000,899.410000,-52.690000,-145.130000,1.510000-1152.698065,-67.899658
-243.650000,-178.220000,911.620000,-51.600000,-166.560000,6.840000-1422.270446,-69.278766
-190.920000,-153.320000,1049.320000,-49.180000,-181.690000,-0.740000-1191.142905,-102.359874
-116.700000,-148.930000,985.840000,-58.440000,-196.480000,-1.400000-396.350370,-75.695670
-116.700000,-148.930000,985.840000,-58.440000,-196.480000,-1.400000-793.621865,-109.464599
-111.820000,-175.780000,850.590000,-70.820000,-184.500000,-0.480000-345.710978,-116.552501
0.490000,-189.940000,942.870000,-74.450000,-199.560000,3.840000-455.814940,-167.684956
-13.670000,-272.460000,1067.380000,-77.910000,-208.540000,12.770000-439.643850,-133.484392
87.890000,-309.080000,835.940000,-55.010000,-184.980000,16.960000-276.985081,-114.435456
141.600000,-182.130000,969.240000,-47.060000,-176.010000,17.410000-618.342308,-122.587585
191.890000,-226.560000,956.540000,-34.810000,-156.780000,19.150000-799.838510,-120.112668
265.140000,-284.180000,875.980000,-28.690000,-152.950000,14.430000-519.005531,-100.276058
307.620000,-357.910000,841.310000,-22.430000,-149.000000,7.780000-265.825191,-69.676694
327.640000,-345.210000,727.050000,4.360000,-143.160000,10.00000094.371256,-71.370128
374.020000,-310.060000,739.750000,6.500000,-133.200000,1.280000426.431877,-65.532747
374.020000,-310.060000,739.750000,6.500000,-133.200000,1.280000616.008977,-57.514439
384.770000,-285.160000,954.590000,5.050000,-142.610000,-1.790000370.150349,-54.101334
440.430000,-283.690000,871.090000,-2.870000,-141.040000,-2.430000360.648535,-50.502048
450.680000,-282.710000,858.400000,2.210000,-126.690000,-2.790000328.638745,-43.269406
509.770000,-336.430000,833.980000,7.210000,-137.600000,-3.660000244.123034,-35.007054
501.460000,-312.500000,762.210000,16.240000,-136.660000,-12.470000154.255511,-46.965965
501.460000,-295.410000,712.400000,25.210000,-119.180000,-26.710000183.882404,-51.481002
633.790000,-263.180000,794.430000,26.790000,-111.570000,-32.180000144.091777,-70.766624
565.920000,-189.940000,809.080000,25.920000,-114.760000,-20.600000275.426877,-70.984625
662.600000,-246.580000,721.680000,25.210000,-113.320000,-7.880000-11.380697,-68.246188
682.620000,-242.680000,738.770000,23.460000,-100.960000,-5.390000-23.351261,-42.167625
703.610000,-236.330000,748.050000,13.890000,-105.110000,-3.840000-40.482393,-27.885029
703.610000,-236.330000,748.050000,13.890000,-105.110000,-3.840000-55.925649,-17.743377
705.570000,-230.470000,626.460000,16.050000,-85.670000,-6.420000-57.068323,-12.390818
746.090000,-232.420000,683.590000,17.430000,-76.420000,-4.440000-49.904482,-5.766474
763.180000,-211.910000,646.970000,11.910000,-53.820000,-2.170000-39.940689,0.427042
776.370000,-221.680000,651.370000,9.110000,-39.110000,1.980000-29.826328,7.935958
765.630000,-225.100000,668.460000,3.910000,-35.040000,5.960000-22.639470,13.052999
798.340000,-229.000000,651.860000,0.920000,-29.440000,6.040000-18.155007,14.942054
759.770000,-241.210000,672.360000,-8.890000,-30.190000,2.820000-23.185385,7.385956
733.400000,-251.460000,525.390000,-9.670000,-22.110000,-2.050000-30.978384,-1.258099
706.050000,-234.380000,564.450000,5.260000,10.460000,-13.040000-25.303069,-2.608896
706.050000,-234.380000,564.450000,5.260000,10.460000,-13.040000-19.871339,-2.635483
750.980000,-210.450000,593.750000,6.020000,33.390000,-14.890000-13.660096,-1.414258
788.090000,-217.290000,614.750000,2.050000,36.920000,-8.330000-12.123167,-0.789616
776.370000,-215.820000,590.330000,2.040000,50.240000,0.090000-11.042810,1.474104
718.260000,-223.140000,668.460000,6.180000,51.530000,-2.660000-6.749356,6.522706
758.300000,-215.330000,665.040000,3.690000,38.590000,-0.680000-5.209381,9.395037
756.350000,-217.290000,615.720000,7.150000,51.030000,2.830000-0.745269,15.238964
722.660000,-222.170000,632.810000,14.700000,72.550000,0.2800009.873596,26.774872
687.990000,-228.520000,637.700000,18.650000,99.900000,-1.04000029.921249,40.445967
625.000000,-192.870000,674.320000,28.170000,116.390000,-5.82000088.339117,60.249776
561.040000,-206.050000,674.320000,29.450000,139.990000,-14.960000312.619971,68.159120
561.040000,-206.050000,674.320000,29.450000,139.990000,-14.96000062.259519,69.273819
512.210000,-194.340000,821.290000,27.490000,148.200000,-23.270000351.058591,91.352932
582.520000,-163.570000,877.930000,14.900000,111.680000,-17.0500001629.123177,92.880638
593.750000,-166.990000,873.050000,6.300000,100.280000,-4.2800001648.303767,78.050504
573.240000,-155.760000,836.430000,5.370000,104.560000,-0.2500001292.722355,66.386171
476.560000,-213.870000,783.690000,13.810000,127.860000,-4.3800001047.829714,47.968355
403.320000,-146.970000,924.320000,20.430000,153.920000,-14.430000868.907758,51.483213
387.700000,-162.600000,867.190000,15.400000,161.780000,-18.870000902.829854,43.761745
368.650000,-149.900000,951.170000,18.070000,180.690000,-20.150000837.590503,23.365803
351.070000,-117.190000,1016.600000,-0.720000,175.900000,-15.340000813.234677,33.247655
302.250000,-135.250000,1058.110000,-25.690000,183.210000,-17.040000812.617638,45.815423
402.830000,-155.760000,947.270000,-30.080000,151.170000,-8.310000838.329223,49.601789
402.830000,-155.760000,947.270000,-30.080000,151.170000,-8.310000866.442405,63.289108
400.880000,-77.150000,723.630000,8.950000,33.920000,6.370000810.225993,47.755233
34.180000,-170.410000,1049.320000,24.470000,71.520000,17.460000816.998019,28.060206
204.590000,-123.050000,1039.550000,15.030000,38.270000,-1.370000765.021957,25.062308
207.520000,-138.180000,978.030000,16.050000,70.230000,5.950000723.032724,28.901179
164.060000,-169.920000,947.270000,13.510000,74.400000,4.900000665.286546,37.510684
144.530000,-102.540000,1017.580000,8.760000,81.600000,4.400000563.274058,41.257229
78.610000,-143.550000,955.570000,15.230000,102.110000,6.560000484.587068,27.328535
30.760000,-94.240000,989.260000,13.080000,133.020000,4.560000494.441252,15.035176
41.500000,-139.650000,928.710000,17.760000,126.380000,6.470000479.276387,-1.072161
-49.320000,-102.050000,1066.890000,19.220000,104.400000,6.560000445.905785,-13.941264
-49.320000,-102.050000,1066.890000,19.220000,104.400000,6.560000394.982560,-16.953958
-12.210000,-148.440000,1047.360000,21.430000,140.380000,1.730000351.752487,-0.985403
-101.560000,-108.890000,991.210000,9.310000,149.190000,-0.430000324.281515,6.915471
-117.190000,-87.400000,1052.250000,13.660000,133.310000,3.330000295.258987,17.345969
-179.200000,-123.540000,1031.740000,15.320000,111.930000,4.050000251.483621,24.246561
-222.660000,-102.540000,1027.830000,10.610000,110.010000,1.370000194.385485,19.892142
-251.950000,-93.260000,1031.740000,10.750000,105.880000,-1.600000176.030153,8.462144
-292.480000,-70.310000,1013.180000,-0.660000,111.810000,-0.360000158.520129,8.032762
-311.520000,-96.680000,994.140000,3.130000,107.050000,-1.310000149.719734,4.959106
-295.410000,-81.540000,985.840000,0.470000,105.230000,0.760000138.594007,3.611822
-362.790000,-76.170000,915.040000,2.320000,94.230000,1.020000129.595500,0.963890
-362.790000,-76.170000,915.040000,2.320000,94.230000,1.020000119.195071,-1.289959
-399.410000,-76.660000,906.250000,0.500000,81.920000,0.080000105.838090,-1.663723
-382.810000,-88.380000,845.700000,3.390000,65.820000,-2.82000095.971563,-0.181240
-394.530000,-77.640000,903.320000,5.670000,86.390000,-1.15000090.522601,0.086558
-434.080000,-70.310000,872.070000,6.720000,83.920000,0.45000086.894090,-0.610667
-465.820000,-76.660000,880.860000,8.200000,78.670000,0.14000084.035847,-0.554766
-465.820000,-91.800000,905.270000,7.010000,86.800000,0.74000080.359509,-0.773631
-508.790000,-61.520000,908.690000,4.270000,96.040000,1.22000074.505610,-1.410202
-546.390000,-63.480000,850.100000,2.760000,85.210000,2.16000067.251558,-2.742158
-529.790000,-70.800000,865.230000,5.630000,77.710000,-0.12000061.951335,-0.808696
-558.590000,-80.080000,817.870000,4.830000,142.010000,-2.40000057.842561,2.719777
-558.590000,-80.080000,817.870000,4.830000,142.010000,-2.40000060.503038,6.078487
-584.960000,-65.430000,782.710000,3.530000,156.920000,-1.02000069.453906,7.386816
-658.200000,-60.060000,821.290000,7.830000,129.070000,4.82000082.466543,4.750599
-660.160000,-43.460000,782.710000,8.980000,138.470000,6.45000091.480833,-0.588566
-730.470000,-65.920000,709.960000,8.140000,116.650000,8.66000087.771344,-8.573289
-741.210000,-48.830000,718.750000,10.080000,76.620000,7.44000077.315555,-14.195713
-746.580000,-63.960000,744.140000,5.980000,89.760000,3.60000055.033330,-15.099072
-735.840000,-65.430000,657.230000,4.690000,72.590000,1.76000038.975314,-12.946946
-706.050000,-45.410000,591.800000,0.680000,59.050000,4.82000027.150814,-14.215407
-781.250000,-60.550000,675.290000,5.290000,62.460000,2.00000021.882685,-9.988598
-789.060000,-49.320000,614.260000,0.040000,68.340000,2.05000015.129699,-10.075825
-789.060000,-49.320000,614.260000,0.040000,68.340000,2.05000010.168203,-9.956310
-797.850000,-41.020000,612.300000,-0.410000,91.580000,-0.9100006.113699,-9.636282
-799.800000,-66.410000,625.980000,0.570000,103.360000,6.1400002.891008,-9.215170
-815.920000,-26.370000,534.180000,5.990000,81.950000,3.8500006.356036,-3.795775
-850.590000,-42.480000,563.480000,5.350000,64.820000,5.6700009.157569,0.117117
-849.120000,-51.760000,529.300000,3.850000,56.020000,5.63000011.017606,2.105886
-881.840000,-39.060000,482.420000,8.360000,31.110000,5.44000016.994780,7.539493
-872.560000,-41.020000,541.020000,5.890000,22.730000,2.49000020.949924,10.491508
-866.700000,-32.230000,520.020000,3.820000,17.600000,1.87000023.062000,11.427379
-853.030000,-38.570000,529.300000,-1.700000,20.510000,0.45000020.343996,8.289560
-881.840000,-38.090000,497.070000,-1.140000,7.020000,0.45000017.249458,5.891397
-881.840000,-38.090000,497.070000,-1.140000,7.020000,0.45000014.328776,3.735783
-862.790000,-38.570000,542.480000,-2.080000,9.130000,-0.41000010.805587,1.212293
-875.490000,-48.830000,486.330000,-1.990000,1.820000,2.2700007.487655,-1.466985
-885.250000,-37.600000,519.040000,-3.270000,-2.050000,3.1100003.451720,-4.973171
-878.910000,-36.130000,495.610000,-2.070000,-12.590000,0.5900000.922775,-6.796652
-889.650000,-43.460000,493.160000,-3.440000,-37.240000,-0.630000-2.504285,-9.585249
-827.150000,-16.600000,505.370000,-5.370000,-58.720000,-0.560000-7.348624,-13.742930
-888.180000,-22.950000,542.480000,-6.530000,-88.090000,1.010000-15.045400,-18.344042
-829.100000,-39.060000,573.240000,-8.470000,-94.820000,1.200000-28.548699,-23.757988
-790.530000,-40.530000,560.550000,-12.690000,-85.760000,4.750000-54.083437,-29.476883
-812.500000,-52.730000,579.100000,-9.880000,-86.980000,2.040000-92.460380,-30.569788
-812.500000,-52.730000,579.100000,-9.880000,-86.980000,2.040000-136.277810,-25.878644
-778.810000,-63.480000,618.160000,-5.210000,-101.870000,2.930000-156.211484,-18.770908
-768.070000,-31.250000,601.560000,-4.710000,-124.180000,5.000000-158.271294,-11.901988
-739.750000,-26.370000,660.160000,-4.910000,-147.190000,5.160000-155.927194,-5.578522
-751.950000,-50.290000,687.500000,-1.920000,-187.310000,3.110000-148.595968,-2.860938
-700.200000,-44.430000,791.990000,-5.900000,-201.560000,-4.950000-143.828850,-0.881227
-664.060000,-38.090000,834.470000,-13.870000,-192.930000,-13.490000-143.280146,1.578153
-631.840000,-49.800000,857.910000,-24.090000,-183.730000,-19.560000-147.015313,7.563224
-561.520000,-56.150000,828.130000,-23.750000,-178.770000,-20.790000-140.004473,13.839588
-489.260000,-80.570000,879.880000,-25.690000,-174.950000,-21.960000-121.219105,16.918826
-489.260000,-80.570000,879.880000,-25.690000,-174.950000,-21.960000-89.611019,10.213231
-8.790000,-170.900000,389.650000,-4.710000,-161.640000,-4.920000-62.055833,4.927318
-556.150000,-63.960000,1024.410000,1.130000,-183.240000,-1.660000-43.308691,3.304953
-391.110000,-83.980000,965.330000,12.420000,-112.990000,11.430000-24.543845,17.252880
-291.020000,-36.130000,979.000000,12.690000,-95.370000,11.6100001.988590,29.423608
-333.010000,-62.500000,1033.690000,5.080000,-70.630000,11.29000010.089735,30.313825
-256.840000,-51.760000,981.450000,-3.170000,-71.810000,11.8600005.603336,22.664732
-297.360000,-44.430000,1017.580000,-5.760000,-74.220000,9.3300000.574578,14.514593
-223.140000,-30.270000,995.610000,-12.610000,-83.560000,12.850000-7.824278,1.983916
-270.020000,-78.130000,978.520000,-18.680000,-98.730000,10.940000-22.832278,-12.999480
-254.880000,-68.360000,968.260000,-13.140000,-104.920000,-7.860000-38.880964,-24.878882
-181.150000,-74.220000,977.540000,-17.700000,-110.540000,5.830000-80.078708,-31.199116
-181.150000,-74.220000,977.540000,-17.700000,-110.540000,5.830000-144.880219,-25.881423
-136.230000,-70.800000,965.820000,-13.820000,-94.510000,4.490000-163.862717,-11.441230
-160.160000,-83.010000,1031.250000,-9.060000,-100.340000,2.620000-160.159924,-2.284303
-95.700000,-96.680000,1007.810000,-12.100000,-103.330000,1.980000-156.235208,8.246038
-73.730000,-85.450000,920.900000,-9.080000,-86.020000,0.380000-144.660561,14.648785
15.140000,-76.660000,893.070000,1.570000,-80.610000,4.710000-119.708893,14.438832
2.930000,-87.890000,898.930000,10.500000,-69.010000,4.190000-86.464016,11.662132
20.510000,-76.170000,943.850000,20.630000,-40.900000,1.400000-53.293619,12.816071
11.230000,-77.150000,1002.930000,23.760000,-15.590000,0.600000-25.470063,24.168816
57.620000,-73.240000,937.500000,28.090000,8.650000,0.890000-0.349376,43.914348
